seed,steps,max_value,steps_to_max,has_diverged,entropy,divergence_rate,values,z_score_steps,z_score_peak,iqr_outlier,is_anomaly
1,0,1,0,False,0.0,0.0,[],-1.445337341728598,-3.7927183989101545,False,True
2,1,2,0,False,0.0,0.0,[],-1.3971594303376447,-3.5588321868866046,False,True
3,5,8,2,False,0.0,0.0,[],-1.2044477847738315,-2.9251148545173766,False,True
4,2,4,0,False,0.0,0.0,[],-1.3489815189466914,-3.264170407714912,False,True
5,4,8,1,False,0.0,0.0,[],-1.2526256961647848,-2.9251148545173766,False,True
6,6,8,3,False,0.0,0.0,[],-1.1562698733828782,-2.9251148545173766,False,True
7,11,26,3,False,0.0,0.0,[],-0.915380316428112,-2.291397522148149,False,True
8,3,8,0,False,0.0,0.0,[],-1.300803607555738,-2.9251148545173766,False,True
9,13,26,5,False,0.0,0.0,[],-0.8190244936462054,-2.291397522148149,False,True
10,5,10,0,False,0.0,0.0,[],-1.2044477847738315,-2.8093610994168188,False,True
11,10,26,2,False,0.0,0.0,[],-0.9635582278190653,-2.291397522148149,False,True
12,7,12,0,False,0.0,0.0,[],-1.1080919619919252,-2.712998560979834,False,True
13,7,20,1,False,0.0,0.0,[],-1.1080919619919252,-2.4363643231923584,False,True
14,12,26,4,False,0.0,0.0,[],-0.8672024050371587,-2.291397522148149,False,True
15,12,80,4,False,0.0,0.0,[],-0.8672024050371587,-1.6576801897789206,False,False
16,4,16,0,False,0.0,0.0,[],-1.2526256961647848,-2.5582546720673798,False,True
17,9,26,1,False,0.0,0.0,[],-1.0117361392100186,-2.291397522148149,False,True
18,14,26,6,False,0.0,0.0,[],-0.7708465822552523,-2.291397522148149,False,True
19,14,44,2,False,0.0,0.0,[],-0.7708465822552523,-1.996735742976456,False,True
20,6,20,0,False,0.0,0.0,[],-1.1562698733828782,-2.4363643231923584,False,True
21,6,32,1,False,0.0,0.0,[],-1.1562698733828782,-2.1756437670475908,False,True
22,11,26,3,False,0.0,0.0,[],-0.915380316428112,-2.291397522148149,False,True
23,11,80,3,False,0.0,0.0,[],-0.915380316428112,-1.6576801897789206,False,True
24,8,24,0,False,0.0,0.0,[],-1.0599140506009719,-2.335791296173991,False,True
25,16,44,4,False,0.0,0.0,[],-0.6744907594733457,-1.996735742976456,False,True
26,8,26,0,False,0.0,0.0,[],-1.0599140506009719,-2.291397522148149,False,True
27,70,4616,45,False,0.0,0.0,[],1.9271164556381306,0.6744907594376883,False,False
28,13,28,0,False,0.0,0.0,[],-0.8190244936462054,-2.250177535355962,False,True
29,13,44,1,False,0.0,0.0,[],-0.8190244936462054,-1.996735742976456,False,True
30,13,80,5,False,0.0,0.0,[],-0.8190244936462054,-1.6576801897789206,False,False
31,67,4616,42,False,0.0,0.0,[],1.7825827214652707,0.6744907594376883,False,False
32,5,32,0,False,0.0,0.0,[],-1.2044477847738315,-2.1756437670475908,False,True
33,18,50,1,False,0.0,0.0,[],-0.5781349366914391,-1.9245373396981518,False,True
34,10,34,0,False,0.0,0.0,[],-0.9635582278190653,-2.141702544020666,False,True
35,10,80,2,False,0.0,0.0,[],-0.9635582278190653,-1.6576801897789206,False,True
36,15,36,0,False,0.0,0.0,[],-0.722668670864299,-2.109647943687845,False,True
37,15,56,1,False,0.0,0.0,[],-0.722668670864299,-1.8603785700392241,False,True
38,15,44,3,False,0.0,0.0,[],-0.722668670864299,-1.996735742976456,False,True
39,23,152,6,False,0.0,0.0,[],-0.33724537973667285,-1.2908200073289238,False,False
40,7,40,0,False,0.0,0.0,[],-1.1080919619919252,-2.050433498939149,False,True
41,69,4616,44,False,0.0,0.0,[],1.8789385442471773,0.6744907594376883,False,False
42,7,42,0,False,0.0,0.0,[],-1.1080919619919252,-2.022960003091025,False,True
43,20,98,2,False,0.0,0.0,[],-0.48177911390953265,-1.5419264346783625,False,False
44,12,44,0,False,0.0,0.0,[],-0.8672024050371587,-1.996735742976456,False,True
45,12,68,1,False,0.0,0.0,[],-0.8672024050371587,-1.7501713420432408,False,True
46,12,80,4,False,0.0,0.0,[],-0.8672024050371587,-1.6576801897789206,False,False
47,66,4616,41,False,0.0,0.0,[],1.7344048100743175,0.6744907594376883,False,False
48,9,48,0,False,0.0,0.0,[],-1.0117361392100186,-1.94761379186734,False,True
49,17,74,1,False,0.0,0.0,[],-0.6263128480823924,-1.7020739638047635,False,True
50,17,50,0,False,0.0,0.0,[],-0.6263128480823924,-1.9245373396981518,False,True
51,17,116,2,False,0.0,0.0,[],-0.6263128480823924,-1.4455638962413775,False,False
52,9,52,0,False,0.0,0.0,[],-1.0117361392100186,-1.9023486666569014,False,True
53,9,80,1,False,0.0,0.0,[],-1.0117361392100186,-1.6576801897789206,False,True
54,71,4616,46,False,0.0,0.0,[],1.975294367029084,0.6744907594376883,False,False
55,71,4616,46,False,0.0,0.0,[],1.975294367029084,0.6744907594376883,False,False
56,14,56,0,False,0.0,0.0,[],-0.7708465822552523,-1.8603785700392241,False,True
57,22,98,4,False,0.0,0.0,[],-0.38542329112762613,-1.5419264346783625,False,True
58,14,58,0,False,0.0,0.0,[],-0.7708465822552523,-1.8404857582357697,False,True
59,22,152,5,False,0.0,0.0,[],-0.38542329112762613,-1.2908200073289238,False,False
60,14,80,6,False,0.0,0.0,[],-0.7708465822552523,-1.6576801897789206,False,False
61,14,92,1,False,0.0,0.0,[],-0.7708465822552523,-1.5779903256921939,False,False
62,68,4616,43,False,0.0,0.0,[],1.830760632856224,0.6744907594376883,False,False
63,68,4616,43,False,0.0,0.0,[],1.830760632856224,0.6744907594376883,False,False
64,6,64,0,False,0.0,0.0,[],-1.1562698733828782,-1.784619449438913,False,True
65,19,98,1,False,0.0,0.0,[],-0.5299570253004859,-1.5419264346783625,False,False
66,19,66,0,False,0.0,0.0,[],-0.5299570253004859,-1.7671382821182926,False,True
67,19,152,2,False,0.0,0.0,[],-0.5299570253004859,-1.2908200073289238,False,False
68,11,68,0,False,0.0,0.0,[],-0.915380316428112,-1.7501713420432408,False,True
69,11,104,1,False,0.0,0.0,[],-0.915380316428112,-1.5079852116514376,False,True
70,11,80,3,False,0.0,0.0,[],-0.915380316428112,-1.6576801897789206,False,True
71,65,4616,40,False,0.0,0.0,[],1.6862268986833642,0.6744907594376883,False,False
72,16,72,0,False,0.0,0.0,[],-0.6744907594733457,-1.717665031135641,False,True
73,73,4616,48,False,0.0,0.0,[],2.0716501898109905,0.6744907594376883,False,False
74,16,74,0,False,0.0,0.0,[],-0.6744907594733457,-1.7020739638047635,False,True
75,11,170,2,False,0.0,0.0,[],-0.915380316428112,-1.226661237669996,False,True
76,16,76,0,False,0.0,0.0,[],-0.6744907594733457,-1.6868932357225719,False,True
77,16,116,1,False,0.0,0.0,[],-0.6744907594733457,-1.4455638962413775,False,False
78,24,152,7,False,0.0,0.0,[],-0.28906746834571956,-1.2908200073289238,False,False
79,24,404,4,False,0.0,0.0,[],-0.28906746834571956,-0.7293010782380002,False,False
80,8,80,0,False,0.0,0.0,[],-1.0599140506009719,-1.6576801897789206,False,True
81,16,122,1,False,0.0,0.0,[],-0.6744907594733457,-1.4167161665699215,False,False
82,70,4616,45,False,0.0,0.0,[],1.9271164556381306,0.6744907594376883,False,False
83,70,4616,45,False,0.0,0.0,[],1.9271164556381306,0.6744907594376883,False,False
84,8,84,0,False,0.0,0.0,[],-1.0599140506009719,-1.6298755605264588,False,True
85,8,128,1,False,0.0,0.0,[],-1.0599140506009719,-1.3892426707217973,False,True
86,21,98,3,False,0.0,0.0,[],-0.43360120251857937,-1.5419264346783625,False,False
87,21,296,3,False,0.0,0.0,[],-0.43360120251857937,-0.9082091023091344,False,False
88,13,88,0,False,0.0,0.0,[],-0.8190244936462054,-1.6033497664925742,False,False
89,21,152,4,False,0.0,0.0,[],-0.43360120251857937,-1.2908200073289238,False,False
90,13,90,0,False,0.0,0.0,[],-0.8190244936462054,-1.590530697285587,False,False
91,59,4616,34,False,0.0,0.0,[],1.3971594303376447,0.6744907594376883,False,False
92,13,92,0,False,0.0,0.0,[],-0.8190244936462054,-1.5779903256921939,False,False
93,13,140,1,False,0.0,0.0,[],-0.8190244936462054,-1.3379347032607196,False,False
94,67,4616,42,False,0.0,0.0,[],1.7825827214652707,0.6744907594376883,False,False
95,67,4616,42,False,0.0,0.0,[],1.7825827214652707,0.6744907594376883,False,False
96,10,96,0,False,0.0,0.0,[],-0.9635582278190653,-1.553698973380323,False,True
97,75,4616,50,False,0.0,0.0,[],2.168006012592897,0.6744907594376883,False,False
98,18,98,0,False,0.0,0.0,[],-0.5781349366914391,-1.5419264346783625,False,False
99,18,224,2,False,0.0,0.0,[],-0.5781349366914391,-1.0683566314355353,False,False
100,18,100,0,False,0.0,0.0,[],-0.5781349366914391,-1.530389362608722,False,False
101,18,152,1,False,0.0,0.0,[],-0.5781349366914391,-1.2908200073289238,False,False
102,18,116,3,False,0.0,0.0,[],-0.5781349366914391,-1.4455638962413775,False,False
103,56,4616,31,False,0.0,0.0,[],1.2526256961647848,0.6744907594376883,False,False
104,10,104,0,False,0.0,0.0,[],-0.9635582278190653,-1.5079852116514376,False,True
105,26,404,6,False,0.0,0.0,[],-0.19271164556381307,-0.7293010782380002,False,False
106,10,106,0,False,0.0,0.0,[],-0.9635582278190653,-1.4971012213096582,False,True
107,64,4616,39,False,0.0,0.0,[],1.6380489872924109,0.6744907594376883,False,False
108,72,4616,47,False,0.0,0.0,[],2.023472278420037,0.6744907594376883,False,False
109,72,4616,47,False,0.0,0.0,[],2.023472278420037,0.6744907594376883,False,False
110,72,4616,47,False,0.0,0.0,[],2.023472278420037,0.6744907594376883,False,False
111,45,4616,20,False,0.0,0.0,[],0.722668670864299,0.6744907594376883,False,False
112,15,112,0,False,0.0,0.0,[],-0.722668670864299,-1.4656297237553417,False,False
113,10,170,1,False,0.0,0.0,[],-0.9635582278190653,-1.226661237669996,False,True
114,23,114,0,False,0.0,0.0,[],-0.33724537973667285,-1.455509562871548,False,False
115,23,260,2,False,0.0,0.0,[],-0.33724537973667285,-0.9827428706175058,False,False
116,15,116,0,False,0.0,0.0,[],-0.722668670864299,-1.4455638962413775,False,False
117,15,176,1,False,0.0,0.0,[],-0.722668670864299,-1.206768425866542,False,False
118,23,152,6,False,0.0,0.0,[],-0.33724537973667285,-1.2908200073289238,False,False
119,23,404,3,False,0.0,0.0,[],-0.33724537973667285,-0.7293010782380002,False,False
120,15,120,0,False,0.0,0.0,[],-0.722668670864299,-1.4261726795778042,False,False
121,61,4616,36,False,0.0,0.0,[],1.4935152531195512,0.6744907594376883,False,False
122,15,122,0,False,0.0,0.0,[],-0.722668670864299,-1.4167161665699215,False,False
123,31,314,5,False,0.0,0.0,[],0.04817791139095327,-0.8742678792822095,False,True
124,69,4616,44,False,0.0,0.0,[],1.8789385442471773,0.6744907594376883,False,False
125,69,4616,44,False,0.0,0.0,[],1.8789385442471773,0.6744907594376883,False,False
126,69,4616,44,False,0.0,0.0,[],1.8789385442471773,0.6744907594376883,False,False
127,31,2186,7,False,0.0,0.0,[],0.04817791139095327,0.24347180732876356,False,False
128,7,128,0,False,0.0,0.0,[],-1.1080919619919252,-1.3892426707217973,False,True
129,77,4616,52,False,0.0,0.0,[],2.2643618353748036,0.6744907594376883,False,False
130,20,130,0,False,0.0,0.0,[],-0.48177911390953265,-1.38036812068605,False,False
131,20,296,2,False,0.0,0.0,[],-0.48177911390953265,-0.9082091023091344,False,False
132,20,132,0,False,0.0,0.0,[],-0.48177911390953265,-1.3716280387142057,False,False
133,20,200,1,False,0.0,0.0,[],-0.48177911390953265,-1.1334209497490644,False,False
134,20,152,3,False,0.0,0.0,[],-0.48177911390953265,-1.2908200073289238,False,False
135,28,458,3,False,0.0,0.0,[],-0.09635582278190653,-0.6571026749596957,False,False
136,12,136,0,False,0.0,0.0,[],-0.8672024050371587,-1.354535399276156,False,False
137,58,4616,33,False,0.0,0.0,[],1.3489815189466914,0.6744907594376883,False,False
138,12,138,0,False,0.0,0.0,[],-0.8672024050371587,-1.3461753344739273,False,False
139,28,314,2,False,0.0,0.0,[],-0.09635582278190653,-0.8742678792822095,False,False
140,12,140,0,False,0.0,0.0,[],-0.8672024050371587,-1.3379347032607196,False,False
141,12,212,1,False,0.0,0.0,[],-0.8672024050371587,-1.099971906252439,False,False
142,66,4616,41,False,0.0,0.0,[],1.7344048100743175,0.6744907594376883,False,False
143,66,4616,41,False,0.0,0.0,[],1.7344048100743175,0.6744907594376883,False,False
144,17,144,0,False,0.0,0.0,[],-0.6263128480823924,-1.3217984238150413,False,False
145,74,4616,49,False,0.0,0.0,[],2.1198281012019438,0.6744907594376883,False,False
146,74,4616,49,False,0.0,0.0,[],2.1198281012019438,0.6744907594376883,False,False
147,74,4616,49,False,0.0,0.0,[],2.1198281012019438,0.6744907594376883,False,False
148,17,148,0,False,0.0,0.0,[],-0.6263128480823924,-1.3061012817551931,False,False
149,17,224,1,False,0.0,0.0,[],-0.6263128480823924,-1.0683566314355353,False,False
150,12,170,3,False,0.0,0.0,[],-0.8672024050371587,-1.226661237669996,False,False
151,12,512,3,False,0.0,0.0,[],-0.8672024050371587,-0.5929439053007681,False,False
152,17,152,0,False,0.0,0.0,[],-0.6263128480823924,-1.2908200073289238,False,False
153,25,260,4,False,0.0,0.0,[],-0.24088955695476633,-0.9827428706175058,False,False
154,17,154,0,False,0.0,0.0,[],-0.6263128480823924,-1.2833285465205013,False,False
155,55,4616,30,False,0.0,0.0,[],1.2044477847738315,0.6744907594376883,False,False
156,25,156,0,False,0.0,0.0,[],-0.24088955695476633,-1.2759331327296621,False,False
157,25,236,1,False,0.0,0.0,[],-0.24088955695476633,-1.0383844679294347,False,False
158,25,404,5,False,0.0,0.0,[],-0.24088955695476633,-0.7293010782380002,False,False
159,36,4616,11,False,0.0,0.0,[],0.28906746834571956,0.6744907594376883,False,False
160,9,160,0,False,0.0,0.0,[],-1.0117361392100186,-1.2614208107182223,False,True
161,63,4616,38,False,0.0,0.0,[],1.5898710759014578,0.6744907594376883,False,False
162,17,162,0,False,0.0,0.0,[],-0.6263128480823924,-1.2542993082337917,False,False
163,17,368,2,False,0.0,0.0,[],-0.6263128480823924,-0.7829988342006932,False,False
164,71,4616,46,False,0.0,0.0,[],1.975294367029084,0.6744907594376883,False,False
165,71,4616,46,False,0.0,0.0,[],1.975294367029084,0.6744907594376883,False,False
166,71,4616,46,False,0.0,0.0,[],1.975294367029084,0.6744907594376883,False,False
167,44,4616,19,False,0.0,0.0,[],0.6744907594733457,0.6744907594376883,False,False
168,9,168,0,False,0.0,0.0,[],-1.0117361392100186,-1.2334476027038341,False,True
169,33,2186,9,False,0.0,0.0,[],0.14453373417285978,0.24347180732876356,False,False
170,9,170,0,False,0.0,0.0,[],-1.0117361392100186,-1.226661237669996,False,True
171,79,4616,54,False,0.0,0.0,[],2.3607176581567098,0.6744907594376883,False,False
172,22,172,0,False,0.0,0.0,[],-0.38542329112762613,-1.2199537856462355,False,False
173,22,260,1,False,0.0,0.0,[],-0.38542329112762613,-0.9827428706175058,False,False
174,22,296,4,False,0.0,0.0,[],-0.38542329112762613,-0.9082091023091344,False,False
175,52,4616,27,False,0.0,0.0,[],1.0599140506009719,0.6744907594376883,False,False
176,14,176,0,False,0.0,0.0,[],-0.7708465822552523,-1.206768425866542,False,False
177,22,266,1,False,0.0,0.0,[],-0.38542329112762613,-0.969632434123346,False,False
178,22,178,0,False,0.0,0.0,[],-0.38542329112762613,-1.200287072571601,False,False
179,22,404,2,False,0.0,0.0,[],-0.38542329112762613,-0.7293010782380002,False,False
180,14,180,0,False,0.0,0.0,[],-0.7708465822552523,-1.1938777358034263,False,False
181,14,272,1,False,0.0,0.0,[],-0.7708465822552523,-0.9568133649163589,False,False
182,60,4616,35,False,0.0,0.0,[],1.445337341728598,0.6744907594376883,False,False
183,60,4616,35,False,0.0,0.0,[],1.445337341728598,0.6744907594376883,False,False
184,14,184,0,False,0.0,0.0,[],-0.7708465822552523,-1.1812688321469242,False,False
185,30,314,4,False,0.0,0.0,[],0.0,-0.8742678792822095,False,False
186,14,186,0,False,0.0,0.0,[],-0.7708465822552523,-1.1750662522283652,False,False
187,30,476,5,False,0.0,0.0,[],0.0,-0.634914001918445,False,False
188,68,4616,43,False,0.0,0.0,[],1.830760632856224,0.6744907594376883,False,False
189,68,4616,43,False,0.0,0.0,[],1.830760632856224,0.6744907594376883,False,False
190,68,4616,43,False,0.0,0.0,[],1.830760632856224,0.6744907594376883,False,False
191,30,2186,6,False,0.0,0.0,[],0.0,0.24347180732876356,False,False
192,11,192,0,False,0.0,0.0,[],-0.915380316428112,-1.156848915868506,False,True
193,76,4616,51,False,0.0,0.0,[],2.2161839239838503,0.6744907594376883,False,False
194,76,4616,51,False,0.0,0.0,[],2.2161839239838503,0.6744907594376883,False,False
195,76,4616,51,False,0.0,0.0,[],2.2161839239838503,0.6744907594376883,False,False
196,19,196,0,False,0.0,0.0,[],-0.5299570253004859,-1.1450160009497734,False,False
197,19,296,1,False,0.0,0.0,[],-0.5299570253004859,-0.9082091023091344,False,False
198,19,224,3,False,0.0,0.0,[],-0.5299570253004859,-1.0683566314355353,False,False
199,76,4616,51,False,0.0,0.0,[],2.2161839239838503,0.6744907594376883,False,False
200,19,200,0,False,0.0,0.0,[],-0.5299570253004859,-1.1334209497490644,False,False
201,14,512,5,False,0.0,0.0,[],-0.7708465822552523,-0.5929439053007681,False,False
202,19,202,0,False,0.0,0.0,[],-0.5299570253004859,-1.1277096716617154,False,False
203,27,458,2,False,0.0,0.0,[],-0.14453373417285978,-0.6571026749596957,False,False
204,19,204,0,False,0.0,0.0,[],-0.5299570253004859,-1.1220543873982283,False,False
205,19,308,1,False,0.0,0.0,[],-0.5299570253004859,-0.885361189910969,False,False
206,57,4616,32,False,0.0,0.0,[],1.300803607555738,0.6744907594376883,False,False
207,57,4616,32,False,0.0,0.0,[],1.300803607555738,0.6744907594376883,False,False
208,11,208,0,False,0.0,0.0,[],-0.915380316428112,-1.1109074825694378,False,True
209,27,314,1,False,0.0,0.0,[],-0.14453373417285978,-0.8742678792822095,False,False
210,27,404,7,False,0.0,0.0,[],-0.14453373417285978,-0.7293010782380002,False,False
211,27,476,2,False,0.0,0.0,[],-0.14453373417285978,-0.634914001918445,False,False
212,11,212,0,False,0.0,0.0,[],-0.915380316428112,-1.099971906252439,False,True
213,11,320,1,False,0.0,0.0,[],-0.915380316428112,-0.8633838889404298,False,True
214,65,4616,40,False,0.0,0.0,[],1.6862268986833642,0.6744907594376883,False,False
215,65,4616,40,False,0.0,0.0,[],1.6862268986833642,0.6744907594376883,False,False
216,73,4616,48,False,0.0,0.0,[],2.0716501898109905,0.6744907594376883,False,False
217,19,368,4,False,0.0,0.0,[],-0.5299570253004859,-0.7829988342006932,False,False
218,73,4616,48,False,0.0,0.0,[],2.0716501898109905,0.6744907594376883,False,False
219,35,836,6,False,0.0,0.0,[],0.24088955695476633,-0.31055566095373804,False,False
220,73,4616,48,False,0.0,0.0,[],2.0716501898109905,0.6744907594376883,False,False
221,73,4616,48,False,0.0,0.0,[],2.0716501898109905,0.6744907594376883,False,False
222,46,4616,21,False,0.0,0.0,[],0.7708465822552523,0.6744907594376883,False,False
223,46,4616,21,False,0.0,0.0,[],0.7708465822552523,0.6744907594376883,False,False
224,16,224,0,False,0.0,0.0,[],-0.6744907594733457,-1.0683566314355353,False,False
225,35,2186,11,False,0.0,0.0,[],0.24088955695476633,0.24347180732876356,False,False
226,11,226,0,False,0.0,0.0,[],-0.915380316428112,-1.0632518691425314,False,True
227,11,512,2,False,0.0,0.0,[],-0.915380316428112,-0.5929439053007681,False,False
228,24,228,0,False,0.0,0.0,[],-0.28906746834571956,-1.0581918860429453,False,False
229,24,344,1,False,0.0,0.0,[],-0.28906746834571956,-0.8217922305023198,False,False
230,24,260,3,False,0.0,0.0,[],-0.28906746834571956,-0.9827428706175058,False,False
231,81,4616,56,False,0.0,0.0,[],2.4570734809386163,0.6744907594376883,False,False
232,16,232,0,False,0.0,0.0,[],-0.6744907594733457,-1.0482031624317507,False,False
233,54,4616,29,False,0.0,0.0,[],1.1562698733828782,0.6744907594376883,False,False
234,16,234,0,False,0.0,0.0,[],-0.6744907594733457,-1.043272924089027,False,False
235,81,4616,56,False,0.0,0.0,[],2.4570734809386163,0.6744907594376883,False,False
236,24,236,0,False,0.0,0.0,[],-0.28906746834571956,-1.0383844679294347,False,False
237,24,356,1,False,0.0,0.0,[],-0.28906746834571956,-0.8020694760039053,False,False
238,24,404,4,False,0.0,0.0,[],-0.28906746834571956,-0.7293010782380002,False,False
239,35,4616,10,False,0.0,0.0,[],0.24088955695476633,0.6744907594376883,False,False
240,16,240,0,False,0.0,0.0,[],-0.6744907594733457,-1.0287301107796358,False,False
241,16,362,1,False,0.0,0.0,[],-0.6744907594733457,-0.7924553472085765,False,False
242,62,4616,37,False,0.0,0.0,[],1.5416931645105045,0.6744907594376883,False,False
243,62,4616,37,False,0.0,0.0,[],1.5416931645105045,0.6744907594376883,False,False
244,16,244,0,False,0.0,0.0,[],-0.6744907594733457,-1.0192346803264187,False,False
245,16,368,1,False,0.0,0.0,[],-0.6744907594733457,-0.7829988342006932,False,False
246,32,314,6,False,0.0,0.0,[],0.09635582278190653,-0.8742678792822095,False,True
247,32,836,3,False,0.0,0.0,[],0.09635582278190653,-0.31055566095373804,False,False
248,70,4616,45,False,0.0,0.0,[],1.9271164556381306,0.6744907594376883,False,False
249,32,476,7,False,0.0,0.0,[],0.09635582278190653,-0.634914001918445,False,False
250,70,4616,45,False,0.0,0.0,[],1.9271164556381306,0.6744907594376883,False,False
251,43,4616,18,False,0.0,0.0,[],0.6263128480823924,0.6744907594376883,False,False
252,70,4616,45,False,0.0,0.0,[],1.9271164556381306,0.6744907594376883,False,False
253,70,4616,45,False,0.0,0.0,[],1.9271164556381306,0.6744907594376883,False,False
254,32,2186,8,False,0.0,0.0,[],0.09635582278190653,0.24347180732876356,False,False
255,32,6560,8,False,0.0,0.0,[],0.09635582278190653,0.8771891396979918,False,True
256,8,256,0,False,0.0,0.0,[],-1.0599140506009719,-0.9916516866847777,False,True
257,78,4616,53,False,0.0,0.0,[],2.3125397467657565,0.6744907594376883,False,False
258,78,4616,53,False,0.0,0.0,[],2.3125397467657565,0.6744907594376883,False,False
259,78,4616,53,False,0.0,0.0,[],2.3125397467657565,0.6744907594376883,False,False
260,21,260,0,False,0.0,0.0,[],-0.43360120251857937,-0.9827428706175058,False,False
261,21,392,1,False,0.0,0.0,[],-0.43360120251857937,-0.7466507883168219,False,False
262,21,296,3,False,0.0,0.0,[],-0.43360120251857937,-0.9082091023091344,False,False
263,51,4616,26,False,0.0,0.0,[],1.0117361392100186,0.6744907594376883,False,False
264,21,264,0,False,0.0,0.0,[],-0.43360120251857937,-0.9739695551159806,False,False
265,78,4616,53,False,0.0,0.0,[],2.3125397467657565,0.6744907594376883,False,False
266,21,266,0,False,0.0,0.0,[],-0.43360120251857937,-0.969632434123346,False,False
267,16,602,2,False,0.0,0.0,[],-0.6744907594733457,-0.49970361737983604,False,False
268,21,268,0,False,0.0,0.0,[],-0.43360120251857937,-0.9653276800068414,False,False
269,21,404,1,False,0.0,0.0,[],-0.43360120251857937,-0.7293010782380002,False,False
270,29,458,4,False,0.0,0.0,[],-0.04817791139095327,-0.6571026749596957,False,False
271,29,1376,4,False,0.0,0.0,[],-0.04817791139095327,-0.0233853425904679,False,False
272,13,272,0,False,0.0,0.0,[],-0.8190244936462054,-0.9568133649163589,False,False
273,21,410,1,False,0.0,0.0,[],-0.43360120251857937,-0.7208180669069283,False,False
274,59,4616,34,False,0.0,0.0,[],1.3971594303376447,0.6744907594376883,False,False
275,59,4616,34,False,0.0,0.0,[],1.3971594303376447,0.6744907594376883,False,False
276,13,276,0,False,0.0,0.0,[],-0.8190244936462054,-0.9484228988084143,False,False
277,13,416,1,False,0.0,0.0,[],-0.8190244936462054,-0.7124580021046991,False,False
278,29,314,3,False,0.0,0.0,[],-0.04817791139095327,-0.8742678792822095,False,False
279,29,944,3,False,0.0,0.0,[],-0.04817791139095327,-0.24055054691298122,False,False
280,13,280,0,False,0.0,0.0,[],-0.8190244936462054,-0.9401527302725259,False,False
281,29,476,4,False,0.0,0.0,[],-0.04817791139095327,-0.634914001918445,False,False
282,13,282,0,False,0.0,0.0,[],-0.8190244936462054,-0.9360616891916967,False,False
283,40,4616,15,False,0.0,0.0,[],0.48177911390953265,0.6744907594376883,False,False
284,67,4616,42,False,0.0,0.0,[],1.7825827214652707,0.6744907594376883,False,False
285,67,4616,42,False,0.0,0.0,[],1.7825827214652707,0.6744907594376883,False,False
286,67,4616,42,False,0.0,0.0,[],1.7825827214652707,0.6744907594376883,False,False
287,29,2186,5,False,0.0,0.0,[],-0.04817791139095327,0.24347180732876356,False,False
288,18,288,0,False,0.0,0.0,[],-0.5781349366914391,-0.9239598248789266,False,False
289,21,434,1,False,0.0,0.0,[],-0.43360120251857937,-0.6880810914458131,False,False
290,75,4616,50,False,0.0,0.0,[],2.168006012592897,0.6744907594376883,False,False
291,75,4616,50,False,0.0,0.0,[],2.168006012592897,0.6744907594376883,False,False
292,75,4616,50,False,0.0,0.0,[],2.168006012592897,0.6744907594376883,False,False
293,75,4616,50,False,0.0,0.0,[],2.168006012592897,0.6744907594376883,False,False
294,75,4616,50,False,0.0,0.0,[],2.168006012592897,0.6744907594376883,False,False
295,37,1124,6,False,0.0,0.0,[],0.33724537973667285,-0.13997751989461432,False,False
296,18,296,0,False,0.0,0.0,[],-0.5781349366914391,-0.9082091023091344,False,False
297,48,4616,23,False,0.0,0.0,[],0.8672024050371587,0.6744907594376883,False,False
298,18,298,0,False,0.0,0.0,[],-0.5781349366914391,-0.9043377161364693,False,False
299,75,4616,50,False,0.0,0.0,[],2.168006012592897,0.6744907594376883,False,False
300,13,300,0,False,0.0,0.0,[],-0.8190244936462054,-0.9004921393967787,False,False
301,13,452,1,False,0.0,0.0,[],-0.8190244936462054,-0.66469271044679,False,False
302,13,512,4,False,0.0,0.0,[],-0.8190244936462054,-0.5929439053007681,False,False
303,29,1538,4,False,0.0,0.0,[],-0.04817791139095327,0.040773427068460065,False,False
304,18,304,0,False,0.0,0.0,[],-0.5781349366914391,-0.8928770535611972,False,False
305,26,458,1,False,0.0,0.0,[],-0.19271164556381307,-0.6571026749596957,False,False
306,26,306,0,False,0.0,0.0,[],-0.19271164556381307,-0.8891068808292195,False,False
307,26,692,2,False,0.0,0.0,[],-0.19271164556381307,-0.41945857098411593,False,False
308,18,308,0,False,0.0,0.0,[],-0.5781349366914391,-0.885361189910969,False,False
309,18,464,1,False,0.0,0.0,[],-0.5781349366914391,-0.6496112141512735,False,False
310,56,4616,31,False,0.0,0.0,[],1.2526256961647848,0.6744907594376883,False,False
311,56,4616,31,False,0.0,0.0,[],1.2526256961647848,0.6744907594376883,False,False
312,26,312,0,False,0.0,0.0,[],-0.19271164556381307,-0.877941995999975,False,False
313,83,4616,58,False,0.0,0.0,[],2.553429303720523,0.6744907594376883,False,False
314,26,314,0,False,0.0,0.0,[],-0.19271164556381307,-0.8742678792822095,False,False
315,26,800,5,False,0.0,0.0,[],-0.19271164556381307,-0.33591510175411776,False,False
316,26,404,6,False,0.0,0.0,[],-0.19271164556381307,-0.7293010782380002,False,False
317,26,476,1,False,0.0,0.0,[],-0.19271164556381307,-0.634914001918445,False,False
318,37,4616,12,False,0.0,0.0,[],0.33724537973667285,0.6744907594376883,False,False
319,37,4616,12,False,0.0,0.0,[],0.33724537973667285,0.6744907594376883,False,False
320,10,320,0,False,0.0,0.0,[],-0.9635582278190653,-0.8633838889404298,False,True
321,18,482,1,False,0.0,0.0,[],-0.5781349366914391,-0.6277034783489945,False,False
322,64,4616,39,False,0.0,0.0,[],1.6380489872924109,0.6744907594376883,False,False
323,64,4616,39,False,0.0,0.0,[],1.6380489872924109,0.6744907594376883,False,False
324,18,324,0,False,0.0,0.0,[],-0.5781349366914391,-0.856240337897992,False,False
325,18,488,1,False,0.0,0.0,[],-0.5781349366914391,-0.6205819758645634,False,False
326,18,368,3,False,0.0,0.0,[],-0.5781349366914391,-0.7829988342006932,False,False
327,91,4616,66,False,0.0,0.0,[],2.938852594848149,0.6744907594376883,False,True
328,72,4616,47,False,0.0,0.0,[],2.023472278420037,0.6744907594376883,False,False
329,34,836,5,False,0.0,0.0,[],0.19271164556381307,-0.31055566095373804,False,False
330,72,4616,47,False,0.0,0.0,[],2.023472278420037,0.6744907594376883,False,False
331,18,746,2,False,0.0,0.0,[],-0.5781349366914391,-0.3761756964340592,False,False
332,72,4616,47,False,0.0,0.0,[],2.023472278420037,0.6744907594376883,False,False
333,72,4616,47,False,0.0,0.0,[],2.023472278420037,0.6744907594376883,False,False
334,45,4616,20,False,0.0,0.0,[],0.722668670864299,0.6744907594376883,False,False
335,45,4616,20,False,0.0,0.0,[],0.722668670864299,0.6744907594376883,False,False
336,10,336,0,False,0.0,0.0,[],-0.9635582278190653,-0.8353256224960105,False,True
337,72,4616,47,False,0.0,0.0,[],2.023472278420037,0.6744907594376883,False,False
338,34,2186,10,False,0.0,0.0,[],0.19271164556381307,0.24347180732876356,False,False
339,34,2186,10,False,0.0,0.0,[],0.19271164556381307,0.24347180732876356,False,False
340,10,340,0,False,0.0,0.0,[],-0.9635582278190653,-0.8285192382224078,False,True
341,10,512,1,False,0.0,0.0,[],-0.9635582278190653,-0.5929439053007681,False,True
342,80,4616,55,False,0.0,0.0,[],2.408895569547663,0.6744907594376883,False,False
343,80,4616,55,False,0.0,0.0,[],2.408895569547663,0.6744907594376883,False,False
344,23,344,0,False,0.0,0.0,[],-0.33724537973667285,-0.8217922305023198,False,False
345,80,4616,55,False,0.0,0.0,[],2.408895569547663,0.6744907594376883,False,False
346,23,346,0,False,0.0,0.0,[],-0.33724537973667285,-0.8184579184754837,False,False
347,80,4616,55,False,0.0,0.0,[],2.408895569547663,0.6744907594376883,False,False
348,23,348,0,False,0.0,0.0,[],-0.33724537973667285,-0.8151427692672399,False,False
349,23,524,1,False,0.0,0.0,[],-0.33724537973667285,-0.5796061001105167,False,False
350,53,4616,28,False,0.0,0.0,[],1.1080919619919252,0.6744907594376883,False,False
351,53,4616,28,False,0.0,0.0,[],1.1080919619919252,0.6744907594376883,False,False
352,15,352,0,False,0.0,0.0,[],-0.722668670864299,-0.8085690870178611,False,False
353,80,4616,55,False,0.0,0.0,[],2.408895569547663,0.6744907594376883,False,False
354,23,354,0,False,0.0,0.0,[],-0.33724537973667285,-0.8053101270807462,False,False
355,23,800,2,False,0.0,0.0,[],-0.33724537973667285,-0.33591510175411776,False,False
356,23,356,0,False,0.0,0.0,[],-0.33724537973667285,-0.8020694760039053,False,False
357,23,536,1,False,0.0,0.0,[],-0.33724537973667285,-0.5665697402023729,False,False
358,23,404,3,False,0.0,0.0,[],-0.33724537973667285,-0.7293010782380002,False,False
359,34,4616,9,False,0.0,0.0,[],0.19271164556381307,0.6744907594376883,False,False
360,15,360,0,False,0.0,0.0,[],-0.722668670864299,-0.7956422855610716,False,False
361,31,1376,6,False,0.0,0.0,[],0.04817791139095327,-0.0233853425904679,False,False
362,15,362,0,False,0.0,0.0,[],-0.722668670864299,-0.7924553472085765,False,False
363,31,818,2,False,0.0,0.0,[],0.04817791139095327,-0.3230960325471307,False,False
364,61,4616,36,False,0.0,0.0,[],1.4935152531195512,0.6744907594376883,False,False
365,61,4616,36,False,0.0,0.0,[],1.4935152531195512,0.6744907594376883,False,False
366,61,4616,36,False,0.0,0.0,[],1.4935152531195512,0.6744907594376883,False,False
367,31,2096,7,False,0.0,0.0,[],0.04817791139095327,0.21923150230670568,False,False
368,15,368,0,False,0.0,0.0,[],-0.722668670864299,-0.7829988342006932,False,False
369,15,554,1,False,0.0,0.0,[],-0.722668670864299,-0.547551499777696,False,False
370,31,370,0,False,0.0,0.0,[],0.04817791139095327,-0.7798808029626548,False,False
371,31,836,2,False,0.0,0.0,[],0.04817791139095327,-0.31055566095373804,False,False
372,15,372,0,False,0.0,0.0,[],-0.722668670864299,-0.7767795354144005,False,False
373,15,560,1,False,0.0,0.0,[],-0.722668670864299,-0.5413489198591377,False,False
374,31,476,6,False,0.0,0.0,[],0.04817791139095327,-0.634914001918445,False,False
375,31,1268,3,False,0.0,0.0,[],0.04817791139095327,-0.0705000385222637,False,False
376,69,4616,44,False,0.0,0.0,[],1.8789385442471773,0.6744907594376883,False,False
377,42,4616,17,False,0.0,0.0,[],0.5781349366914391,0.6744907594376883,False,False
378,69,4616,44,False,0.0,0.0,[],1.8789385442471773,0.6744907594376883,False,False
379,39,1376,14,False,0.0,0.0,[],0.43360120251857937,-0.0233853425904679,False,False
380,69,4616,44,False,0.0,0.0,[],1.8789385442471773,0.6744907594376883,False,False
381,69,4616,44,False,0.0,0.0,[],1.8789385442471773,0.6744907594376883,False,False
382,31,2186,7,False,0.0,0.0,[],0.04817791139095327,0.24347180732876356,False,False
383,31,6560,7,False,0.0,0.0,[],0.04817791139095327,0.8771891396979918,False,True
384,12,384,0,False,0.0,0.0,[],-0.8672024050371587,-0.758514124181651,False,False
385,23,578,1,False,0.0,0.0,[],-0.33724537973667285,-0.5231315834992777,False,False
386,77,4616,52,False,0.0,0.0,[],2.2643618353748036,0.6744907594376883,False,False
387,77,4616,52,False,0.0,0.0,[],2.2643618353748036,0.6744907594376883,False,False
388,77,4616,52,False,0.0,0.0,[],2.2643618353748036,0.6744907594376883,False,False
389,77,4616,52,False,0.0,0.0,[],2.2643618353748036,0.6744907594376883,False,False
390,77,4616,52,False,0.0,0.0,[],2.2643618353748036,0.6744907594376883,False,False
391,77,4616,52,False,0.0,0.0,[],2.2643618353748036,0.6744907594376883,False,False
392,20,392,0,False,0.0,0.0,[],-0.48177911390953265,-0.7466507883168219,False,False
393,39,1124,8,False,0.0,0.0,[],0.43360120251857937,-0.13997751989461432,False,True
394,20,394,0,False,0.0,0.0,[],-0.48177911390953265,-0.743722688757742,False,False
395,50,4616,25,False,0.0,0.0,[],0.9635582278190653,0.6744907594376883,False,False
396,20,396,0,False,0.0,0.0,[],-0.48177911390953265,-0.7408093776433029,False,False
397,20,596,1,False,0.0,0.0,[],-0.48177911390953265,-0.5054720091952463,False,False
398,77,4616,52,False,0.0,0.0,[],2.2643618353748036,0.6744907594376883,False,False
399,77,4616,52,False,0.0,0.0,[],2.2643618353748036,0.6744907594376883,False,False
400,20,400,0,False,0.0,0.0,[],-0.48177911390953265,-0.7350265284636845,False,False
401,15,602,1,False,0.0,0.0,[],-0.722668670864299,-0.49970361737983604,False,False
402,15,512,6,False,0.0,0.0,[],-0.722668670864299,-0.5929439053007681,False,False
403,15,908,2,False,0.0,0.0,[],-0.722668670864299,-0.26295469787026604,False,False
404,20,404,0,False,0.0,0.0,[],-0.48177911390953265,-0.7293010782380002,False,False
405,20,608,1,False,0.0,0.0,[],-0.48177911390953265,-0.49399233929248726,False,False
406,28,458,3,False,0.0,0.0,[],-0.09635582278190653,-0.6571026749596957,False,False
407,28,1376,3,False,0.0,0.0,[],-0.09635582278190653,-0.0233853425904679,False,False
408,20,408,0,False,0.0,0.0,[],-0.48177911390953265,-0.7236318987037652,False,False
409,28,692,4,False,0.0,0.0,[],-0.09635582278190653,-0.41945857098411593,False,False
410,20,410,0,False,0.0,0.0,[],-0.48177911390953265,-0.7208180669069283,False,False
411,85,4616,60,False,0.0,0.0,[],2.6497851265024295,0.6744907594376883,False,False
412,58,4616,33,False,0.0,0.0,[],1.3489815189466914,0.6744907594376883,False,False
413,58,4616,33,False,0.0,0.0,[],1.3489815189466914,0.6744907594376883,False,False
414,58,4616,33,False,0.0,0.0,[],1.3489815189466914,0.6744907594376883,False,False
415,85,4616,60,False,0.0,0.0,[],2.6497851265024295,0.6744907594376883,False,False
416,12,416,0,False,0.0,0.0,[],-0.8672024050371587,-0.7124580021046991,False,False
417,85,4616,60,False,0.0,0.0,[],2.6497851265024295,0.6744907594376883,False,False
418,28,418,0,False,0.0,0.0,[],-0.09635582278190653,-0.7096980237554777,False,False
419,28,944,2,False,0.0,0.0,[],-0.09635582278190653,-0.24055054691298122,False,False
420,28,420,0,False,0.0,0.0,[],-0.09635582278190653,-0.7069511882100894,False,False
421,28,632,1,False,0.0,0.0,[],-0.09635582278190653,-0.47169644796570254,False,False
422,28,476,3,False,0.0,0.0,[],-0.09635582278190653,-0.634914001918445,False,False
423,23,1610,6,False,0.0,0.0,[],-0.33724537973667285,0.06714759216685483,False,False
424,12,424,0,False,0.0,0.0,[],-0.8672024050371587,-0.701496448985538,False,False
425,39,4616,14,False,0.0,0.0,[],0.43360120251857937,0.6744907594376883,False,False
426,12,426,0,False,0.0,0.0,[],-0.8672024050371587,-0.6987883014078713,False,False
427,36,1376,11,False,0.0,0.0,[],0.28906746834571956,-0.0233853425904679,False,False
428,66,4616,41,False,0.0,0.0,[],1.7344048100743175,0.6744907594376883,False,False
429,66,4616,41,False,0.0,0.0,[],1.7344048100743175,0.6744907594376883,False,False
430,66,4616,41,False,0.0,0.0,[],1.7344048100743175,0.6744907594376883,False,False
431,28,2186,4,False,0.0,0.0,[],-0.09635582278190653,0.24347180732876356,False,False
432,74,4616,49,False,0.0,0.0,[],2.1198281012019438,0.6744907594376883,False,False
433,20,650,1,False,0.0,0.0,[],-0.48177911390953265,-0.45552246199794777,False,False
434,20,434,0,False,0.0,0.0,[],-0.48177911390953265,-0.6880810914458131,False,False
435,20,980,2,False,0.0,0.0,[],-0.48177911390953265,-0.2189841332357591,False,False
436,74,4616,49,False,0.0,0.0,[],2.1198281012019438,0.6744907594376883,False,False
437,74,4616,49,False,0.0,0.0,[],2.1198281012019438,0.6744907594376883,False,False
438,36,836,7,False,0.0,0.0,[],0.28906746834571956,-0.31055566095373804,False,False
439,36,1484,3,False,0.0,0.0,[],0.28906746834571956,0.020170009231786502,False,False
440,74,4616,49,False,0.0,0.0,[],2.1198281012019438,0.6744907594376883,False,False
441,20,746,4,False,0.0,0.0,[],-0.48177911390953265,-0.3761756964340592,False,False
442,74,4616,49,False,0.0,0.0,[],2.1198281012019438,0.6744907594376883,False,False
443,36,1124,5,False,0.0,0.0,[],0.28906746834571956,-0.13997751989461432,False,False
444,47,4616,22,False,0.0,0.0,[],0.8190244936462054,0.6744907594376883,False,False
445,47,4616,22,False,0.0,0.0,[],0.8190244936462054,0.6744907594376883,False,False
446,47,4616,22,False,0.0,0.0,[],0.8190244936462054,0.6744907594376883,False,False
447,63,19682,31,False,0.0,0.0,[],1.5898710759014578,1.5109064720672194,False,True
448,17,448,0,False,0.0,0.0,[],-0.6263128480823924,-0.6698087916514245,False,False
449,74,4616,49,False,0.0,0.0,[],2.1198281012019438,0.6744907594376883,False,False
450,36,2186,12,False,0.0,0.0,[],0.28906746834571956,0.24347180732876356,False,False
451,36,2186,12,False,0.0,0.0,[],0.28906746834571956,0.24347180732876356,False,False
452,12,452,0,False,0.0,0.0,[],-0.8672024050371587,-0.66469271044679,False,False
453,12,680,1,False,0.0,0.0,[],-0.8672024050371587,-0.4295345367733038,False,False
454,12,512,3,False,0.0,0.0,[],-0.8672024050371587,-0.5929439053007681,False,False
455,28,1538,3,False,0.0,0.0,[],-0.09635582278190653,0.040773427068460065,False,False
456,25,456,0,False,0.0,0.0,[],-0.24088955695476633,-0.659621606362135,False,False
457,82,4616,57,False,0.0,0.0,[],2.5052513923295696,0.6744907594376883,False,False
458,25,458,0,False,0.0,0.0,[],-0.24088955695476633,-0.6571026749596957,False,False
459,82,4616,57,False,0.0,0.0,[],2.5052513923295696,0.6744907594376883,False,False
460,25,460,0,False,0.0,0.0,[],-0.24088955695476633,-0.6545946954674994,False,False
461,25,692,1,False,0.0,0.0,[],-0.24088955695476633,-0.41945857098411593,False,False
462,82,4616,57,False,0.0,0.0,[],2.5052513923295696,0.6744907594376883,False,False
463,82,4616,57,False,0.0,0.0,[],2.5052513923295696,0.6744907594376883,False,False
464,17,464,0,False,0.0,0.0,[],-0.6263128480823924,-0.6496112141512735,False,False
465,25,698,1,False,0.0,0.0,[],-0.24088955695476633,-0.41448583006252254,False,False
466,55,4616,30,False,0.0,0.0,[],1.2044477847738315,0.6744907594376883,False,False
467,55,4616,30,False,0.0,0.0,[],1.2044477847738315,0.6744907594376883,False,False
468,17,468,0,False,0.0,0.0,[],-0.6263128480823924,-0.6446704184240458,False,False
469,17,704,1,False,0.0,0.0,[],-0.6263128480823924,-0.4095555917197987,False,False
470,82,4616,57,False,0.0,0.0,[],2.5052513923295696,0.6744907594376883,False,False
471,82,4616,57,False,0.0,0.0,[],2.5052513923295696,0.6744907594376883,False,False
472,25,472,0,False,0.0,0.0,[],-0.24088955695476633,-0.639771583252011,False,False
473,25,800,4,False,0.0,0.0,[],-0.24088955695476633,-0.33591510175411776,False,False
474,25,474,0,False,0.0,0.0,[],-0.24088955695476633,-0.6373376793266105,False,False
475,20,1808,6,False,0.0,0.0,[],-0.48177911390953265,0.13401371498939166,False,False
476,25,476,0,False,0.0,0.0,[],-0.24088955695476633,-0.634914001918445,False,False
477,25,716,1,False,0.0,0.0,[],-0.24088955695476633,-0.39981975934967817,False,False
478,36,4616,11,False,0.0,0.0,[],0.28906746834571956,0.6744907594376883,False,False
479,36,4616,11,False,0.0,0.0,[],0.28906746834571956,0.6744907594376883,False,False
480,17,480,0,False,0.0,0.0,[],-0.6263128480823924,-0.6300969854118454,False,False
481,33,1376,8,False,0.0,0.0,[],0.14453373417285978,-0.0233853425904679,False,False
482,17,482,0,False,0.0,0.0,[],-0.6263128480823924,-0.6277034783489945,False,False
483,17,1088,2,False,0.0,0.0,[],-0.6263128480823924,-0.1587380148393482,False,False
484,63,4616,38,False,0.0,0.0,[],1.5898710759014578,0.6744907594376883,False,False
485,63,4616,38,False,0.0,0.0,[],1.5898710759014578,0.6744907594376883,False,False
486,63,4616,38,False,0.0,0.0,[],1.5898710759014578,0.6744907594376883,False,False
487,90,4616,65,False,0.0,0.0,[],2.890674683457196,0.6744907594376883,False,True
488,17,488,0,False,0.0,0.0,[],-0.6263128480823924,-0.6205819758645634,False,False
489,33,2096,9,False,0.0,0.0,[],0.14453373417285978,0.21923150230670568,False,False
490,17,490,0,False,0.0,0.0,[],-0.6263128480823924,-0.6182275465774496,False,False
491,90,4616,65,False,0.0,0.0,[],2.890674683457196,0.6744907594376883,False,True
492,33,492,0,False,0.0,0.0,[],0.14453373417285978,-0.615882688167509,False,False
493,33,740,1,False,0.0,0.0,[],0.14453373417285978,-0.38082761176322494,False,False
494,33,836,4,False,0.0,0.0,[],0.14453373417285978,-0.31055566095373804,False,False
495,63,7154,12,False,0.0,0.0,[],1.5898710759014578,0.9271824419917035,False,True
496,71,4616,46,False,0.0,0.0,[],1.975294367029084,0.6744907594376883,False,False
497,17,746,1,False,0.0,0.0,[],-0.6263128480823924,-0.3761756964340592,False,False
498,33,498,0,False,0.0,0.0,[],0.14453373417285978,-0.6089047679000302,False,False
499,33,1124,2,False,0.0,0.0,[],0.14453373417285978,-0.13997751989461432,False,False
500,71,4616,46,False,0.0,0.0,[],1.975294367029084,0.6744907594376883,False,False
501,71,4616,46,False,0.0,0.0,[],1.975294367029084,0.6744907594376883,False,False
502,44,4616,19,False,0.0,0.0,[],0.6744907594733457,0.6744907594376883,False,False
503,44,4616,19,False,0.0,0.0,[],0.6744907594733457,0.6744907594376883,False,False
504,71,4616,46,False,0.0,0.0,[],1.975294367029084,0.6744907594376883,False,False
505,41,1376,16,False,0.0,0.0,[],0.5299570253004859,-0.0233853425904679,False,True
506,71,4616,46,False,0.0,0.0,[],1.975294367029084,0.6744907594376883,False,False
507,25,1448,8,False,0.0,0.0,[],-0.24088955695476633,0.006013854020233704,False,False
508,33,2186,9,False,0.0,0.0,[],0.14453373417285978,0.24347180732876356,False,False
509,33,2186,9,False,0.0,0.0,[],0.14453373417285978,0.24347180732876356,False,False
510,33,6560,9,False,0.0,0.0,[],0.14453373417285978,0.8771891396979918,False,True
511,41,19682,9,False,0.0,0.0,[],0.5299570253004859,1.5109064720672194,False,True
512,9,512,0,False,0.0,0.0,[],-1.0117361392100186,-0.5929439053007681,False,True
513,25,770,1,False,0.0,0.0,[],-0.24088955695476633,-0.35793435431554993,False,False
514,79,4616,54,False,0.0,0.0,[],2.3607176581567098,0.6744907594376883,False,False
515,79,4616,54,False,0.0,0.0,[],2.3607176581567098,0.6744907594376883,False,False
516,79,4616,54,False,0.0,0.0,[],2.3607176581567098,0.6744907594376883,False,False
517,79,4616,54,False,0.0,0.0,[],2.3607176581567098,0.6744907594376883,False,False
518,79,4616,54,False,0.0,0.0,[],2.3607176581567098,0.6744907594376883,False,False
519,41,1754,3,False,0.0,0.0,[],0.5299570253004859,0.11653254766877123,False,False
520,22,520,0,False,0.0,0.0,[],-0.38542329112762613,-0.5840178567939112,False,False
521,79,4616,54,False,0.0,0.0,[],2.3607176581567098,0.6744907594376883,False,False
522,22,522,0,False,0.0,0.0,[],-0.38542329112762613,-0.5818077607013188,False,False
523,79,4616,54,False,0.0,0.0,[],2.3607176581567098,0.6744907594376883,False,False
524,22,524,0,False,0.0,0.0,[],-0.38542329112762613,-0.5796061001105167,False,False
525,22,788,1,False,0.0,0.0,[],-0.38542329112762613,-0.34462220102971497,False,False
526,52,4616,27,False,0.0,0.0,[],1.0599140506009719,0.6744907594376883,False,False
527,52,4616,27,False,0.0,0.0,[],1.0599140506009719,0.6744907594376883,False,False
528,22,528,0,False,0.0,0.0,[],-0.38542329112762613,-0.5752278295691049,False,False
529,22,794,1,False,0.0,0.0,[],-0.38542329112762613,-0.34025222274675243,False,False
530,79,4616,54,False,0.0,0.0,[],2.3607176581567098,0.6744907594376883,False,False
531,79,4616,54,False,0.0,0.0,[],2.3607176581567098,0.6744907594376883,False,False
532,22,532,0,False,0.0,0.0,[],-0.38542329112762613,-0.57088254066315,False,False
533,22,800,1,False,0.0,0.0,[],-0.38542329112762613,-0.33591510175411776,False,False
534,17,602,3,False,0.0,0.0,[],-0.6263128480823924,-0.49970361737983604,False,False
535,17,1808,3,False,0.0,0.0,[],-0.6263128480823924,0.13401371498939166,False,False
536,22,536,0,False,0.0,0.0,[],-0.38542329112762613,-0.5665697402023729,False,False
537,17,908,4,False,0.0,0.0,[],-0.6263128480823924,-0.26295469787026604,False,False
538,22,538,0,False,0.0,0.0,[],-0.38542329112762613,-0.5644253720283252,False,False
539,33,4616,8,False,0.0,0.0,[],0.14453373417285978,0.6744907594376883,False,False
540,30,540,0,False,0.0,0.0,[],0.0,-0.5622889459768177,False,False
541,30,812,1,False,0.0,0.0,[],0.0,-0.3273374808813358,False,False
542,30,1376,5,False,0.0,0.0,[],0.0,-0.0233853425904679,False,False
543,87,4616,62,False,0.0,0.0,[],2.746140949284336,0.6744907594376883,False,True
544,14,544,0,False,0.0,0.0,[],-0.7708465822552523,-0.5580396864332946,False,False
545,30,818,1,False,0.0,0.0,[],0.0,-0.3230960325471307,False,False
546,22,546,0,False,0.0,0.0,[],-0.38542329112762613,-0.555926737643937,False,False
547,22,1232,2,False,0.0,0.0,[],-0.38542329112762613,-0.08710073453770002,False,False
548,60,4616,35,False,0.0,0.0,[],1.445337341728598,0.6744907594376883,False,False
549,60,4616,35,False,0.0,0.0,[],1.445337341728598,0.6744907594376883,False,False
550,60,4616,35,False,0.0,0.0,[],1.445337341728598,0.6744907594376883,False,False
551,30,2096,6,False,0.0,0.0,[],0.0,0.21923150230670568,False,False
552,14,552,0,False,0.0,0.0,[],-0.7708465822552523,-0.5496339366044162,False,False
553,87,4616,62,False,0.0,0.0,[],2.746140949284336,0.6744907594376883,False,True
554,14,554,0,False,0.0,0.0,[],-0.7708465822552523,-0.547551499777696,False,False
555,22,1250,2,False,0.0,0.0,[],-0.38542329112762613,-0.07874066973547085,False,False
556,30,556,0,False,0.0,0.0,[],0.0,-0.5454765537471111,False,False
557,30,836,1,False,0.0,0.0,[],0.0,-0.31055566095373804,False,False
558,30,944,4,False,0.0,0.0,[],0.0,-0.24055054691298122,False,False
559,57,4040,13,False,0.0,0.0,[],1.300803607555738,0.5976258730870314,False,True
560,14,560,0,False,0.0,0.0,[],-0.7708465822552523,-0.5413489198591377,False,False
561,30,842,1,False,0.0,0.0,[],0.0,-0.30643539790329766,False,False
562,30,562,0,False,0.0,0.0,[],0.0,-0.5392961263242884,False,False
563,30,1268,2,False,0.0,0.0,[],0.0,-0.0705000385222637,False,False
564,14,564,0,False,0.0,0.0,[],-0.7708465822552523,-0.5372506122144207,False,False
565,14,848,1,False,0.0,0.0,[],-0.7708465822552523,-0.3023443568224685,False,False
566,41,4616,16,False,0.0,0.0,[],0.5299570253004859,0.6744907594376883,False,False
567,41,4616,16,False,0.0,0.0,[],0.5299570253004859,0.6744907594376883,False,False
568,68,4616,43,False,0.0,0.0,[],1.830760632856224,0.6744907594376883,False,False
569,38,1376,13,False,0.0,0.0,[],0.38542329112762613,-0.0233853425904679,False,False
570,68,4616,43,False,0.0,0.0,[],1.830760632856224,0.6744907594376883,False,False
571,22,1448,5,False,0.0,0.0,[],-0.38542329112762613,0.006013854020233704,False,False
572,68,4616,43,False,0.0,0.0,[],1.830760632856224,0.6744907594376883,False,False
573,68,4616,43,False,0.0,0.0,[],1.830760632856224,0.6744907594376883,False,False
574,30,2186,6,False,0.0,0.0,[],0.0,0.24347180732876356,False,False
575,30,6560,6,False,0.0,0.0,[],0.0,0.8771891396979918,False,True
576,19,576,0,False,0.0,0.0,[],-0.5299570253004859,-0.5251275521845895,False,False
577,22,866,1,False,0.0,0.0,[],-0.38542329112762613,-0.29024249250969886,False,False
578,22,578,0,False,0.0,0.0,[],-0.38542329112762613,-0.5231315834992777,False,False
579,22,1304,2,False,0.0,0.0,[],-0.38542329112762613,-0.05436375907658484,False,False
580,76,4616,51,False,0.0,0.0,[],2.2161839239838503,0.6744907594376883,False,False
581,76,4616,51,False,0.0,0.0,[],2.2161839239838503,0.6744907594376883,False,False
582,76,4616,51,False,0.0,0.0,[],2.2161839239838503,0.6744907594376883,False,False
583,22,1970,3,False,0.0,0.0,[],-0.38542329112762613,0.18348696597204317,False,False
584,76,4616,51,False,0.0,0.0,[],2.2161839239838503,0.6744907594376883,False,False
585,38,1484,5,False,0.0,0.0,[],0.38542329112762613,0.020170009231786502,False,False
586,76,4616,51,False,0.0,0.0,[],2.2161839239838503,0.6744907594376883,False,False
587,76,4616,51,False,0.0,0.0,[],2.2161839239838503,0.6744907594376883,False,False
588,76,4616,51,False,0.0,0.0,[],2.2161839239838503,0.6744907594376883,False,False
589,76,4616,51,False,0.0,0.0,[],2.2161839239838503,0.6744907594376883,False,False
590,38,1124,7,False,0.0,0.0,[],0.38542329112762613,-0.13997751989461432,False,False
591,38,2996,4,False,0.0,0.0,[],0.38542329112762613,0.42522138578906776,False,False
592,19,592,0,False,0.0,0.0,[],-0.5299570253004859,-0.5093499019482631,False,False
593,49,4616,24,False,0.0,0.0,[],0.915380316428112,0.6744907594376883,False,False
594,49,4616,24,False,0.0,0.0,[],0.915380316428112,0.6744907594376883,False,False
595,49,4616,24,False,0.0,0.0,[],0.915380316428112,0.6744907594376883,False,False
596,19,596,0,False,0.0,0.0,[],-0.5299570253004859,-0.5054720091952463,False,False
597,19,896,1,False,0.0,0.0,[],-0.5299570253004859,-0.27062038376724157,False,False
598,76,4616,51,False,0.0,0.0,[],2.2161839239838503,0.6744907594376883,False,False
599,76,4616,51,False,0.0,0.0,[],2.2161839239838503,0.6744907594376883,False,False
600,14,600,0,False,0.0,0.0,[],-0.7708465822552523,-0.5016200124133232,False,False
601,38,2186,14,False,0.0,0.0,[],0.38542329112762613,0.24347180732876356,False,False
602,14,602,0,False,0.0,0.0,[],-0.7708465822552523,-0.49970361737983604,False,False
603,46,2906,12,False,0.0,0.0,[],0.7708465822552523,0.40763360951845684,False,True
604,14,604,0,False,0.0,0.0,[],-0.7708465822552523,-0.49779356803688324,False,False
605,14,908,1,False,0.0,0.0,[],-0.7708465822552523,-0.26295469787026604,False,False
606,30,1538,5,False,0.0,0.0,[],0.0,0.040773427068460065,False,False
607,30,4616,5,False,0.0,0.0,[],0.0,0.6744907594376883,False,False
608,19,608,0,False,0.0,0.0,[],-0.5299570253004859,-0.49399233929248726,False,False
609,84,4616,59,False,0.0,0.0,[],2.601607215111476,0.6744907594376883,False,False
610,27,610,0,False,0.0,0.0,[],-0.14453373417285978,-0.4921010773539482,False,False
611,27,1376,2,False,0.0,0.0,[],-0.14453373417285978,-0.0233853425904679,False,False
612,27,612,0,False,0.0,0.0,[],-0.14453373417285978,-0.4902159960209988,False,False
613,27,920,1,False,0.0,0.0,[],-0.14453373417285978,-0.2553895484599913,False,False
614,27,692,3,False,0.0,0.0,[],-0.14453373417285978,-0.41945857098411593,False,False
615,46,5264,8,False,0.0,0.0,[],0.7708465822552523,0.7502498800379994,False,False
616,19,616,0,False,0.0,0.0,[],-0.5299570253004859,-0.48646421450550326,False,False
617,84,4616,59,False,0.0,0.0,[],2.601607215111476,0.6744907594376883,False,False
618,19,618,0,False,0.0,0.0,[],-0.5299570253004859,-0.4845974349651712,False,False
619,84,4616,59,False,0.0,0.0,[],2.601607215111476,0.6744907594376883,False,False
620,57,4616,32,False,0.0,0.0,[],1.300803607555738,0.6744907594376883,False,False
621,57,4616,32,False,0.0,0.0,[],1.300803607555738,0.6744907594376883,False,False
622,57,4616,32,False,0.0,0.0,[],1.300803607555738,0.6744907594376883,False,False
623,84,4616,59,False,0.0,0.0,[],2.601607215111476,0.6744907594376883,False,False
624,27,624,0,False,0.0,0.0,[],-0.14453373417285978,-0.4790330730921499,False,False
625,19,938,1,False,0.0,0.0,[],-0.5299570253004859,-0.24422466363074682,False,False
626,84,4616,59,False,0.0,0.0,[],2.601607215111476,0.6744907594376883,False,False
627,84,4616,59,False,0.0,0.0,[],2.601607215111476,0.6744907594376883,False,False
628,27,628,0,False,0.0,0.0,[],-0.14453373417285978,-0.4753530964993914,False,False
629,27,944,1,False,0.0,0.0,[],-0.14453373417285978,-0.24055054691298122,False,False
630,27,800,6,False,0.0,0.0,[],-0.14453373417285978,-0.33591510175411776,False,False
631,27,2132,3,False,0.0,0.0,[],-0.14453373417285978,0.22905019680902128,False,False
632,27,632,0,False,0.0,0.0,[],-0.14453373417285978,-0.47169644796570254,False,False
633,22,1808,8,False,0.0,0.0,[],-0.38542329112762613,0.13401371498939166,False,False
634,27,634,0,False,0.0,0.0,[],-0.14453373417285978,-0.46987677966011027,False,False
635,22,1610,5,False,0.0,0.0,[],-0.38542329112762613,0.06714759216685483,False,False
636,38,4616,13,False,0.0,0.0,[],0.38542329112762613,0.6744907594376883,False,False
637,38,4616,13,False,0.0,0.0,[],0.38542329112762613,0.6744907594376883,False,False
638,38,4616,13,False,0.0,0.0,[],0.38542329112762613,0.6744907594376883,False,False
639,84,20762,14,False,0.0,0.0,[],2.601607215111476,1.5417193708471544,False,True
640,11,640,0,False,0.0,0.0,[],-0.915380316428112,-0.4644519649958815,False,True
641,35,1376,10,False,0.0,0.0,[],0.24088955695476633,-0.0233853425904679,False,False
642,19,642,0,False,0.0,0.0,[],-0.5299570253004859,-0.4626549717216596,False,False
643,19,1448,2,False,0.0,0.0,[],-0.5299570253004859,0.006013854020233704,False,False
644,65,4616,40,False,0.0,0.0,[],1.6862268986833642,0.6744907594376883,False,False
645,65,4616,40,False,0.0,0.0,[],1.6862268986833642,0.6744907594376883,False,False
646,65,4616,40,False,0.0,0.0,[],1.6862268986833642,0.6744907594376883,False,False
647,27,2186,3,False,0.0,0.0,[],-0.14453373417285978,0.24347180732876356,False,False
648,19,648,0,False,0.0,0.0,[],-0.5299570253004859,-0.4572973383967553,False,False
649,92,4616,67,False,0.0,0.0,[],2.9870305062391025,0.6744907594376883,False,True
650,19,650,0,False,0.0,0.0,[],-0.5299570253004859,-0.45552246199794777,False,False
651,65,4616,40,False,0.0,0.0,[],1.6862268986833642,0.6744907594376883,False,False
652,19,652,0,False,0.0,0.0,[],-0.5299570253004859,-0.4537530300138222,False,False
653,19,980,1,False,0.0,0.0,[],-0.5299570253004859,-0.2189841332357591,False,False
654,92,4616,67,False,0.0,0.0,[],2.9870305062391025,0.6744907594376883,False,True
655,92,4616,67,False,0.0,0.0,[],2.9870305062391025,0.6744907594376883,False,True
656,73,4616,48,False,0.0,0.0,[],2.0716501898109905,0.6744907594376883,False,False
657,35,986,1,False,0.0,0.0,[],0.24088955695476633,-0.21546683956647295,False,False
658,35,836,6,False,0.0,0.0,[],0.24088955695476633,-0.31055566095373804,False,False
659,35,1484,2,False,0.0,0.0,[],0.24088955695476633,0.020170009231786502,False,False
660,73,4616,48,False,0.0,0.0,[],2.0716501898109905,0.6744907594376883,False,False
661,73,4616,48,False,0.0,0.0,[],2.0716501898109905,0.6744907594376883,False,False
662,19,746,3,False,0.0,0.0,[],-0.5299570253004859,-0.3761756964340592,False,False
663,19,2240,3,False,0.0,0.0,[],-0.5299570253004859,0.25754163593516904,False,False
664,73,4616,48,False,0.0,0.0,[],2.0716501898109905,0.6744907594376883,False,False
665,35,1124,4,False,0.0,0.0,[],0.24088955695476633,-0.13997751989461432,False,False
666,73,4616,48,False,0.0,0.0,[],2.0716501898109905,0.6744907594376883,False,False
667,92,10844,15,False,0.0,0.0,[],2.9870305062391025,1.1670836654997412,False,True
668,46,4616,21,False,0.0,0.0,[],0.7708465822552523,0.6744907594376883,False,False
669,46,4616,21,False,0.0,0.0,[],0.7708465822552523,0.6744907594376883,False,False
670,46,4616,21,False,0.0,0.0,[],0.7708465822552523,0.6744907594376883,False,False
671,62,19682,30,False,0.0,0.0,[],1.5416931645105045,1.5109064720672194,False,True
672,11,672,0,False,0.0,0.0,[],-0.915380316428112,-0.43635097502410874,False,True
673,43,1376,18,False,0.0,0.0,[],0.6263128480823924,-0.0233853425904679,False,True
674,73,4616,48,False,0.0,0.0,[],2.0716501898109905,0.6744907594376883,False,False
675,73,4616,48,False,0.0,0.0,[],2.0716501898109905,0.6744907594376883,False,False
676,35,2186,11,False,0.0,0.0,[],0.24088955695476633,0.24347180732876356,False,False
677,35,2186,11,False,0.0,0.0,[],0.24088955695476633,0.24347180732876356,False,False
678,35,2186,11,False,0.0,0.0,[],0.24088955695476633,0.24347180732876356,False,False
679,43,2906,9,False,0.0,0.0,[],0.6263128480823924,0.40763360951845684,False,True
680,11,680,0,False,0.0,0.0,[],-0.915380316428112,-0.4295345367733038,False,True
681,43,19682,11,False,0.0,0.0,[],0.6263128480823924,1.5109064720672194,False,True
682,11,682,0,False,0.0,0.0,[],-0.915380316428112,-0.4278429391548067,False,True
683,27,1538,2,False,0.0,0.0,[],-0.14453373417285978,0.040773427068460065,False,False
684,81,4616,56,False,0.0,0.0,[],2.4570734809386163,0.6744907594376883,False,False
685,81,4616,56,False,0.0,0.0,[],2.4570734809386163,0.6744907594376883,False,False
686,81,4616,56,False,0.0,0.0,[],2.4570734809386163,0.6744907594376883,False,False
687,27,3482,4,False,0.0,0.0,[],-0.14453373417285978,0.5119093263858875,False,True
688,24,688,0,False,0.0,0.0,[],-0.28906746834571956,-0.42279770838090186,False,False
689,81,4616,56,False,0.0,0.0,[],2.4570734809386163,0.6744907594376883,False,False
690,81,4616,56,False,0.0,0.0,[],2.4570734809386163,0.6744907594376883,False,False
691,81,4616,56,False,0.0,0.0,[],2.4570734809386163,0.6744907594376883,False,False
692,24,692,0,False,0.0,0.0,[],-0.28906746834571956,-0.41945857098411593,False,False
693,24,1040,1,False,0.0,0.0,[],-0.28906746834571956,-0.18474058610625538,False,False
694,81,4616,56,False,0.0,0.0,[],2.4570734809386163,0.6744907594376883,False,False
695,81,4616,56,False,0.0,0.0,[],2.4570734809386163,0.6744907594376883,False,False
696,24,696,0,False,0.0,0.0,[],-0.28906746834571956,-0.4161386517506959,False,False
697,81,4616,56,False,0.0,0.0,[],2.4570734809386163,0.6744907594376883,False,False
698,24,698,0,False,0.0,0.0,[],-0.28906746834571956,-0.41448583006252254,False,False
699,43,1772,5,False,0.0,0.0,[],0.6263128480823924,0.12241866378868262,False,True
700,54,4616,29,False,0.0,0.0,[],1.1562698733828782,0.6744907594376883,False,False
701,54,4616,29,False,0.0,0.0,[],1.1562698733828782,0.6744907594376883,False,False
702,54,4616,29,False,0.0,0.0,[],1.1562698733828782,0.6744907594376883,False,False
703,108,125252,48,False,0.0,0.0,[],3.7578770884943546,2.578384843869672,False,True
704,16,704,0,False,0.0,0.0,[],-0.6744907594733457,-0.4095555917197987,False,False
705,24,1058,1,False,0.0,0.0,[],-0.28906746834571956,-0.17485175464863295,False,False
706,81,4616,56,False,0.0,0.0,[],2.4570734809386163,0.6744907594376883,False,False
707,81,4616,56,False,0.0,0.0,[],2.4570734809386163,0.6744907594376883,False,False
708,24,708,0,False,0.0,0.0,[],-0.28906746834571956,-0.406292022196671,False,False
709,24,1064,1,False,0.0,0.0,[],-0.28906746834571956,-0.1715927947115185,False,False
710,24,800,3,False,0.0,0.0,[],-0.28906746834571956,-0.33591510175411776,False,False
711,43,2402,3,False,0.0,0.0,[],0.6263128480823924,0.29780223061510996,False,True
712,24,712,0,False,0.0,0.0,[],-0.28906746834571956,-0.40304681321805813,False,False
713,19,1808,5,False,0.0,0.0,[],-0.5299570253004859,0.13401371498939166,False,False
714,24,714,0,False,0.0,0.0,[],-0.28906746834571956,-0.4014310295998985,False,False
715,19,1610,2,False,0.0,0.0,[],-0.5299570253004859,0.06714759216685483,False,False
716,24,716,0,False,0.0,0.0,[],-0.28906746834571956,-0.39981975934967817,False,False
717,24,1076,1,False,0.0,0.0,[],-0.28906746834571956,-0.16512959684823314,False,False
718,35,4616,10,False,0.0,0.0,[],0.24088955695476633,0.6744907594376883,False,False
719,35,4616,10,False,0.0,0.0,[],0.24088955695476633,0.6744907594376883,False,False
720,16,720,0,False,0.0,0.0,[],-0.6744907594733457,-0.3966106585859505,False,False
721,32,1082,1,False,0.0,0.0,[],0.09635582278190653,-0.1619249531918434,False,False
722,32,1376,7,False,0.0,0.0,[],0.09635582278190653,-0.0233853425904679,False,False
723,32,1628,2,False,0.0,0.0,[],0.09635582278190653,0.07355692893502967,False,False
724,16,724,0,False,0.0,0.0,[],-0.6744907594733457,-0.39341931227412036,False,False
725,16,1088,1,False,0.0,0.0,[],-0.6744907594733457,-0.1587380148393482,False,False
726,32,818,3,False,0.0,0.0,[],0.09635582278190653,-0.3230960325471307,False,False
727,32,2456,3,False,0.0,0.0,[],0.09635582278190653,0.310621299822097,False,False
728,62,4616,37,False,0.0,0.0,[],1.5416931645105045,0.6744907594376883,False,False
729,24,1232,4,False,0.0,0.0,[],-0.28906746834571956,-0.08710073453770002,False,False
730,62,4616,37,False,0.0,0.0,[],1.5416931645105045,0.6744907594376883,False,False
731,89,4616,64,False,0.0,0.0,[],2.8424967720662426,0.6744907594376883,False,True
732,62,4616,37,False,0.0,0.0,[],1.5416931645105045,0.6744907594376883,False,False
733,62,4616,37,False,0.0,0.0,[],1.5416931645105045,0.6744907594376883,False,False
734,32,2096,8,False,0.0,0.0,[],0.09635582278190653,0.21923150230670568,False,False
735,32,5588,5,False,0.0,0.0,[],0.09635582278190653,0.7846979874336717,False,True
736,16,736,0,False,0.0,0.0,[],-0.6744907594733457,-0.3839498622792781,False,False
737,89,4616,64,False,0.0,0.0,[],2.8424967720662426,0.6744907594376883,False,True
738,16,738,0,False,0.0,0.0,[],-0.6744907594733457,-0.38238662453523836,False,False
739,16,1664,2,False,0.0,0.0,[],-0.6744907594733457,0.08616583259153225,False,False
740,32,740,0,False,0.0,0.0,[],0.09635582278190653,-0.38082761176322494,False,False
741,32,1112,1,False,0.0,0.0,[],0.09635582278190653,-0.14616347059342663,False,False
742,32,836,3,False,0.0,0.0,[],0.09635582278190653,-0.31055566095373804,False,False
743,62,7154,11,False,0.0,0.0,[],1.5416931645105045,0.9271824419917035,False,True
744,16,744,0,False,0.0,0.0,[],-0.6744907594733457,-0.3777221702142722,False,False
745,59,4040,15,False,0.0,0.0,[],1.3971594303376447,0.5976258730870314,False,True
746,16,746,0,False,0.0,0.0,[],-0.6744907594733457,-0.3761756964340592,False,False
747,32,2132,8,False,0.0,0.0,[],0.09635582278190653,0.22905019680902128,False,False
748,32,748,0,False,0.0,0.0,[],0.09635582278190653,-0.3746333576154114,False,False
749,32,1124,1,False,0.0,0.0,[],0.09635582278190653,-0.13997751989461432,False,False
750,32,1268,4,False,0.0,0.0,[],0.09635582278190653,-0.0705000385222637,False,False
751,89,10844,12,False,0.0,0.0,[],2.8424967720662426,1.1670836654997412,False,True
752,70,4616,45,False,0.0,0.0,[],1.9271164556381306,0.6744907594376883,False,False
753,16,1130,1,False,0.0,0.0,[],-0.6744907594733457,-0.13690924471073432,False,False
754,43,4616,18,False,0.0,0.0,[],0.6263128480823924,0.6744907594376883,False,False
755,43,4616,18,False,0.0,0.0,[],0.6263128480823924,0.6744907594376883,False,False
756,70,4616,45,False,0.0,0.0,[],1.9271164556381306,0.6744907594376883,False,False
757,70,4616,45,False,0.0,0.0,[],1.9271164556381306,0.6744907594376883,False,False
758,40,1376,15,False,0.0,0.0,[],0.48177911390953265,-0.0233853425904679,False,False
759,40,2564,3,False,0.0,0.0,[],0.48177911390953265,0.3354352062401528,False,False
760,70,4616,45,False,0.0,0.0,[],1.9271164556381306,0.6744907594376883,False,False
761,24,1448,7,False,0.0,0.0,[],-0.28906746834571956,0.006013854020233704,False,False
762,70,4616,45,False,0.0,0.0,[],1.9271164556381306,0.6744907594376883,False,False
763,97,4616,72,False,0.0,0.0,[],3.2279200631938685,0.6744907594376883,False,True
764,32,2186,8,False,0.0,0.0,[],0.09635582278190653,0.24347180732876356,False,False
765,32,2186,8,False,0.0,0.0,[],0.09635582278190653,0.24347180732876356,False,False
766,32,6560,8,False,0.0,0.0,[],0.09635582278190653,0.8771891396979918,False,True
767,40,19682,8,False,0.0,0.0,[],0.48177911390953265,1.5109064720672194,False,True
768,13,768,0,False,0.0,0.0,[],-0.8190244936462054,-0.35943262626052935,False,False
769,24,1154,1,False,0.0,0.0,[],-0.28906746834571956,-0.12479679181242324,False,False
770,24,770,0,False,0.0,0.0,[],-0.28906746834571956,-0.35793435431554993,False,False
771,24,1736,2,False,0.0,0.0,[],-0.28906746834571956,0.11058574886994998,False,False
772,78,4616,53,False,0.0,0.0,[],2.3125397467657565,0.6744907594376883,False,False
773,78,4616,53,False,0.0,0.0,[],2.3125397467657565,0.6744907594376883,False,False
774,78,4616,53,False,0.0,0.0,[],2.3125397467657565,0.6744907594376883,False,False
775,97,4616,72,False,0.0,0.0,[],3.2279200631938685,0.6744907594376883,False,True
776,78,4616,53,False,0.0,0.0,[],2.3125397467657565,0.6744907594376883,False,False
777,24,1970,5,False,0.0,0.0,[],-0.28906746834571956,0.18348696597204317,False,False
778,78,4616,53,False,0.0,0.0,[],2.3125397467657565,0.6744907594376883,False,False
779,40,1754,2,False,0.0,0.0,[],0.48177911390953265,0.11653254766877123,False,False
780,78,4616,53,False,0.0,0.0,[],2.3125397467657565,0.6744907594376883,False,False
781,78,4616,53,False,0.0,0.0,[],2.3125397467657565,0.6744907594376883,False,False
782,78,4616,53,False,0.0,0.0,[],2.3125397467657565,0.6744907594376883,False,False
783,78,4616,53,False,0.0,0.0,[],2.3125397467657565,0.6744907594376883,False,False
784,21,784,0,False,0.0,0.0,[],-0.43360120251857937,-0.34755402118874124,False,False
785,78,4616,53,False,0.0,0.0,[],2.3125397467657565,0.6744907594376883,False,False
786,40,1124,9,False,0.0,0.0,[],0.48177911390953265,-0.13997751989461432,False,True
787,40,1772,2,False,0.0,0.0,[],0.48177911390953265,0.12241866378868262,False,False
788,21,788,0,False,0.0,0.0,[],-0.43360120251857937,-0.34462220102971497,False,False
789,21,1184,1,False,0.0,0.0,[],-0.43360120251857937,-0.11000535638851427,False,False
790,51,4616,26,False,0.0,0.0,[],1.0117361392100186,0.6744907594376883,False,False
791,51,4616,26,False,0.0,0.0,[],1.0117361392100186,0.6744907594376883,False,False
792,21,792,0,False,0.0,0.0,[],-0.43360120251857937,-0.3417052068261189,False,False
793,51,4616,26,False,0.0,0.0,[],1.0117361392100186,0.6744907594376883,False,False
794,21,794,0,False,0.0,0.0,[],-0.43360120251857937,-0.34025222274675243,False,False
795,67,19682,35,False,0.0,0.0,[],1.7825827214652707,1.5109064720672194,False,True
796,78,4616,53,False,0.0,0.0,[],2.3125397467657565,0.6744907594376883,False,False
797,78,4616,53,False,0.0,0.0,[],2.3125397467657565,0.6744907594376883,False,False
798,78,4616,53,False,0.0,0.0,[],2.3125397467657565,0.6744907594376883,False,False
799,48,6074,5,False,0.0,0.0,[],0.8672024050371587,0.8327953656721484,False,True
800,21,800,0,False,0.0,0.0,[],-0.43360120251857937,-0.33591510175411776,False,False
801,40,2186,16,False,0.0,0.0,[],0.48177911390953265,0.24347180732876356,False,False
802,16,802,0,False,0.0,0.0,[],-0.6744907594733457,-0.33447661129662654,False,False
803,16,1808,2,False,0.0,0.0,[],-0.6744907594733457,0.13401371498939166,False,False
804,16,804,0,False,0.0,0.0,[],-0.6744907594733457,-0.3330416991773013,False,False
805,16,1208,1,False,0.0,0.0,[],-0.6744907594733457,-0.09843936741619481,False,False
806,16,908,3,False,0.0,0.0,[],-0.6744907594733457,-0.26295469787026604,False,False
807,48,19682,16,False,0.0,0.0,[],0.8672024050371587,1.5109064720672194,False,True
808,21,808,0,False,0.0,0.0,[],-0.43360120251857937,-0.3301825390509035,False,False
809,32,4616,7,False,0.0,0.0,[],0.09635582278190653,0.6744907594376883,False,False
810,21,810,0,False,0.0,0.0,[],-0.43360120251857937,-0.3287582559210802,False,False
811,86,4616,61,False,0.0,0.0,[],2.6979630378933828,0.6744907594376883,False,False
812,29,812,0,False,0.0,0.0,[],-0.04817791139095327,-0.3273374808813358,False,False
813,29,1220,1,False,0.0,0.0,[],-0.04817791139095327,-0.09274219147960247,False,False
814,29,1376,4,False,0.0,0.0,[],-0.04817791139095327,-0.0233853425904679,False,False
815,86,4616,61,False,0.0,0.0,[],2.6979630378933828,0.6744907594376883,False,False
816,21,816,0,False,0.0,0.0,[],-0.43360120251857937,-0.3245063862436443,False,False
817,29,1226,1,False,0.0,0.0,[],-0.04817791139095327,-0.08991456633453745,False,False
818,29,818,0,False,0.0,0.0,[],-0.04817791139095327,-0.3230960325471307,False,False
819,29,1844,2,False,0.0,0.0,[],-0.04817791139095327,0.1453802773402277,False,False
820,21,820,0,False,0.0,0.0,[],-0.43360120251857937,-0.321689118741097,False,False
821,21,1232,1,False,0.0,0.0,[],-0.43360120251857937,-0.08710073453770002,False,False
822,86,4616,61,False,0.0,0.0,[],2.6979630378933828,0.6744907594376883,False,False
823,86,4616,61,False,0.0,0.0,[],2.6979630378933828,0.6744907594376883,False,False
824,59,4616,34,False,0.0,0.0,[],1.3971594303376447,0.6744907594376883,False,False
825,86,4616,61,False,0.0,0.0,[],2.6979630378933828,0.6744907594376883,False,False
826,59,4616,34,False,0.0,0.0,[],1.3971594303376447,0.6744907594376883,False,False
827,29,2096,5,False,0.0,0.0,[],-0.04817791139095327,0.21923150230670568,False,False
828,59,4616,34,False,0.0,0.0,[],1.3971594303376447,0.6744907594376883,False,False
829,59,4616,34,False,0.0,0.0,[],1.3971594303376447,0.6744907594376883,False,False
830,86,4616,61,False,0.0,0.0,[],2.6979630378933828,0.6744907594376883,False,False
831,86,9476,6,False,0.0,0.0,[],2.6979630378933828,1.0893054332355345,False,True
832,13,832,0,False,0.0,0.0,[],-0.8190244936462054,-0.3133189446788864,False,False
833,21,1250,1,False,0.0,0.0,[],-0.43360120251857937,-0.07874066973547085,False,False
834,86,4616,61,False,0.0,0.0,[],2.6979630378933828,0.6744907594376883,False,False
835,86,4616,61,False,0.0,0.0,[],2.6979630378933828,0.6744907594376883,False,False
836,29,836,0,False,0.0,0.0,[],-0.04817791139095327,-0.31055566095373804,False,False
837,29,1256,1,False,0.0,0.0,[],-0.04817791139095327,-0.0759806913862495,False,False
838,29,944,3,False,0.0,0.0,[],-0.04817791139095327,-0.24055054691298122,False,False
839,56,4040,12,False,0.0,0.0,[],1.2526256961647848,0.5976258730870314,False,True
840,29,840,0,False,0.0,0.0,[],-0.04817791139095327,-0.3078055514560909,False,False
841,29,2132,5,False,0.0,0.0,[],-0.04817791139095327,0.22905019680902128,False,False
842,29,842,0,False,0.0,0.0,[],-0.04817791139095327,-0.30643539790329766,False,False
843,29,1898,2,False,0.0,0.0,[],-0.04817791139095327,0.16202088440352572,False,False
844,29,844,0,False,0.0,0.0,[],-0.04817791139095327,-0.30506849116291324,False,False
845,29,1268,1,False,0.0,0.0,[],-0.04817791139095327,-0.0705000385222637,False,False
846,24,1610,7,False,0.0,0.0,[],-0.28906746834571956,0.06714759216685483,False,False
847,24,4292,4,False,0.0,0.0,[],-0.28906746834571956,0.6325206628200108,False,True
848,13,848,0,False,0.0,0.0,[],-0.8190244936462054,-0.3023443568224685,False,False
849,40,4616,15,False,0.0,0.0,[],0.48177911390953265,0.6744907594376883,False,False
850,40,4616,15,False,0.0,0.0,[],0.48177911390953265,0.6744907594376883,False,False
851,40,4616,15,False,0.0,0.0,[],0.48177911390953265,0.6744907594376883,False,False
852,13,852,0,False,0.0,0.0,[],-0.8190244936462054,-0.2996330269210137,False,False
853,13,1280,1,False,0.0,0.0,[],-0.8190244936462054,-0.06507096903864361,False,True
854,37,1376,12,False,0.0,0.0,[],0.33724537973667285,-0.0233853425904679,False,False
855,37,2888,3,False,0.0,0.0,[],0.33724537973667285,0.40405077579802606,False,False
856,67,4616,42,False,0.0,0.0,[],1.7825827214652707,0.6744907594376883,False,False
857,21,1448,4,False,0.0,0.0,[],-0.43360120251857937,0.006013854020233704,False,False
858,67,4616,42,False,0.0,0.0,[],1.7825827214652707,0.6744907594376883,False,False
859,94,4616,69,False,0.0,0.0,[],3.083386329021009,0.6744907594376883,False,True
860,67,4616,42,False,0.0,0.0,[],1.7825827214652707,0.6744907594376883,False,False
861,67,4616,42,False,0.0,0.0,[],1.7825827214652707,0.6744907594376883,False,False
862,29,2186,5,False,0.0,0.0,[],-0.04817791139095327,0.24347180732876356,False,False
863,29,6560,5,False,0.0,0.0,[],-0.04817791139095327,0.8771891396979918,False,True
864,75,4616,50,False,0.0,0.0,[],2.168006012592897,0.6744907594376883,False,False
865,94,4616,69,False,0.0,0.0,[],3.083386329021009,0.6744907594376883,False,True
866,21,866,0,False,0.0,0.0,[],-0.43360120251857937,-0.29024249250969886,False,False
867,21,1952,2,False,0.0,0.0,[],-0.43360120251857937,0.17819487037128046,False,False
868,21,868,0,False,0.0,0.0,[],-0.43360120251857937,-0.2889133804596485,False,False
869,21,1304,1,False,0.0,0.0,[],-0.43360120251857937,-0.05436375907658484,False,False
870,21,980,3,False,0.0,0.0,[],-0.43360120251857937,-0.2189841332357591,False,False
871,113,95498,17,False,0.0,0.0,[],3.998766645449121,2.421935873529318,False,True
872,75,4616,50,False,0.0,0.0,[],2.168006012592897,0.6744907594376883,False,False
873,94,4616,69,False,0.0,0.0,[],3.083386329021009,0.6744907594376883,False,True
874,75,4616,50,False,0.0,0.0,[],2.168006012592897,0.6744907594376883,False,False
875,21,1970,2,False,0.0,0.0,[],-0.43360120251857937,0.18348696597204317,False,False
876,37,876,0,False,0.0,0.0,[],0.33724537973667285,-0.28362734690895697,False,False
877,37,1316,1,False,0.0,0.0,[],0.33724537973667285,-0.04908377370370587,False,False
878,37,1484,4,False,0.0,0.0,[],0.33724537973667285,0.020170009231786502,False,False
879,94,5012,7,False,0.0,0.0,[],3.083386329021009,0.7219581109913453,False,True
880,75,4616,50,False,0.0,0.0,[],2.168006012592897,0.6744907594376883,False,False
881,75,4616,50,False,0.0,0.0,[],2.168006012592897,0.6744907594376883,False,False
882,21,882,0,False,0.0,0.0,[],-0.43360120251857937,-0.27969437002826164,False,False
883,21,1988,2,False,0.0,0.0,[],-0.43360120251857937,0.18873095094707584,False,False
884,75,4616,50,False,0.0,0.0,[],2.168006012592897,0.6744907594376883,False,False
885,75,4616,50,False,0.0,0.0,[],2.168006012592897,0.6744907594376883,False,False
886,37,1124,6,False,0.0,0.0,[],0.33724537973667285,-0.13997751989461432,False,False
887,37,2996,3,False,0.0,0.0,[],0.33724537973667285,0.42522138578906776,False,False
888,48,4616,23,False,0.0,0.0,[],0.8672024050371587,0.6744907594376883,False,False
889,94,10844,17,False,0.0,0.0,[],3.083386329021009,1.1670836654997412,False,True
890,48,4616,23,False,0.0,0.0,[],0.8672024050371587,0.6744907594376883,False,False
891,32,4292,12,False,0.0,0.0,[],0.09635582278190653,0.6325206628200108,False,False
892,48,4616,23,False,0.0,0.0,[],0.8672024050371587,0.6744907594376883,False,False
893,48,4616,23,False,0.0,0.0,[],0.8672024050371587,0.6744907594376883,False,False
894,64,19682,32,False,0.0,0.0,[],1.6380489872924109,1.5109064720672194,False,True
895,64,19682,32,False,0.0,0.0,[],1.6380489872924109,1.5109064720672194,False,True
896,18,896,0,False,0.0,0.0,[],-0.5781349366914391,-0.27062038376724157,False,False
897,45,1376,20,False,0.0,0.0,[],0.722668670864299,-0.0233853425904679,False,True
898,75,4616,50,False,0.0,0.0,[],2.168006012592897,0.6744907594376883,False,False
899,75,4616,50,False,0.0,0.0,[],2.168006012592897,0.6744907594376883,False,False
900,37,2186,13,False,0.0,0.0,[],0.33724537973667285,0.24347180732876356,False,False
901,37,2186,13,False,0.0,0.0,[],0.33724537973667285,0.24347180732876356,False,False
902,37,2186,13,False,0.0,0.0,[],0.33724537973667285,0.24347180732876356,False,False
903,75,4616,50,False,0.0,0.0,[],2.168006012592897,0.6744907594376883,False,False
904,13,904,0,False,0.0,0.0,[],-0.8190244936462054,-0.26549862426250587,False,False
905,45,2906,11,False,0.0,0.0,[],0.722668670864299,0.40763360951845684,False,True
906,13,906,0,False,0.0,0.0,[],-0.8190244936462054,-0.2642252586802483,False,False
907,37,6560,13,False,0.0,0.0,[],0.33724537973667285,0.8771891396979918,False,True
908,13,908,0,False,0.0,0.0,[],-0.8190244936462054,-0.26295469787026604,False,False
909,13,1364,1,False,0.0,0.0,[],-0.8190244936462054,-0.028434253375437996,False,True
910,29,1538,4,False,0.0,0.0,[],-0.04817791139095327,0.040773427068460065,False,False
911,29,4616,4,False,0.0,0.0,[],-0.04817791139095327,0.6744907594376883,False,False
912,26,912,0,False,0.0,0.0,[],-0.19271164556381307,-0.26042194133350116,False,False
913,83,4616,58,False,0.0,0.0,[],2.553429303720523,0.6744907594376883,False,False
914,83,4616,58,False,0.0,0.0,[],2.553429303720523,0.6744907594376883,False,False
915,83,4616,58,False,0.0,0.0,[],2.553429303720523,0.6744907594376883,False,False
916,26,916,0,False,0.0,0.0,[],-0.19271164556381307,-0.25790025699180336,False,False
917,26,1376,1,False,0.0,0.0,[],-0.19271164556381307,-0.0233853425904679,False,False
918,83,4616,58,False,0.0,0.0,[],2.553429303720523,0.6744907594376883,False,False
919,83,4616,58,False,0.0,0.0,[],2.553429303720523,0.6744907594376883,False,False
920,26,920,0,False,0.0,0.0,[],-0.19271164556381307,-0.2553895484599913,False,False
921,83,4616,58,False,0.0,0.0,[],2.553429303720523,0.6744907594376883,False,False
922,26,922,0,False,0.0,0.0,[],-0.19271164556381307,-0.254138280345668,False,False
923,45,5264,7,False,0.0,0.0,[],0.722668670864299,0.7502498800379994,False,False
924,83,4616,58,False,0.0,0.0,[],2.553429303720523,0.6744907594376883,False,False
925,83,4616,58,False,0.0,0.0,[],2.553429303720523,0.6744907594376883,False,False
926,83,4616,58,False,0.0,0.0,[],2.553429303720523,0.6744907594376883,False,False
927,75,7928,8,False,0.0,0.0,[],2.168006012592897,0.9864322796950371,False,True
928,18,928,0,False,0.0,0.0,[],-0.5781349366914391,-0.25040067952926776,False,False
929,83,4616,58,False,0.0,0.0,[],2.553429303720523,0.6744907594376883,False,False
930,26,930,0,False,0.0,0.0,[],-0.19271164556381307,-0.2491601750199589,False,False
931,26,2096,2,False,0.0,0.0,[],-0.19271164556381307,0.21923150230670568,False,False
932,56,4616,31,False,0.0,0.0,[],1.2526256961647848,0.6744907594376883,False,False
933,56,4616,31,False,0.0,0.0,[],1.2526256961647848,0.6744907594376883,False,False
934,56,4616,31,False,0.0,0.0,[],1.2526256961647848,0.6744907594376883,False,False
935,83,4616,58,False,0.0,0.0,[],2.553429303720523,0.6744907594376883,False,False
936,18,936,0,False,0.0,0.0,[],-0.5781349366914391,-0.24545458813618945,False,False
937,110,125252,50,False,0.0,0.0,[],3.854232911276261,2.578384843869672,False,True
938,18,938,0,False,0.0,0.0,[],-0.5781349366914391,-0.24422466363074682,False,False
939,56,4616,31,False,0.0,0.0,[],1.2526256961647848,0.6744907594376883,False,False
940,83,4616,58,False,0.0,0.0,[],2.553429303720523,0.6744907594376883,False,False
941,83,4616,58,False,0.0,0.0,[],2.553429303720523,0.6744907594376883,False,False
942,83,4616,58,False,0.0,0.0,[],2.553429303720523,0.6744907594376883,False,False
943,26,4778,4,False,0.0,0.0,[],-0.19271164556381307,0.6943835712411427,False,True
944,26,944,0,False,0.0,0.0,[],-0.19271164556381307,-0.24055054691298122,False,False
945,26,1418,1,False,0.0,0.0,[],-0.19271164556381307,-0.00605425088278282,False,False
946,26,946,0,False,0.0,0.0,[],-0.19271164556381307,-0.23933102346822036,False,False
947,26,2132,2,False,0.0,0.0,[],-0.19271164556381307,0.22905019680902128,False,False
948,26,948,0,False,0.0,0.0,[],-0.19271164556381307,-0.2381140728596413,False,False
949,26,1424,1,False,0.0,0.0,[],-0.19271164556381307,-0.003620346957382273,False,False
950,21,1808,7,False,0.0,0.0,[],-0.43360120251857937,0.13401371498939166,False,False
951,21,3212,3,False,0.0,0.0,[],-0.43360120251857937,0.46536518873455057,False,True
952,26,952,0,False,0.0,0.0,[],-0.19271164556381307,-0.23568784688728,False,False
953,21,1610,4,False,0.0,0.0,[],-0.43360120251857937,0.06714759216685483,False,False
954,26,954,0,False,0.0,0.0,[],-0.19271164556381307,-0.2344785500617375,False,False
955,21,2420,5,False,0.0,0.0,[],-0.43360120251857937,0.3021069847316145,False,False
956,37,4616,12,False,0.0,0.0,[],0.33724537973667285,0.6744907594376883,False,False
957,37,4616,12,False,0.0,0.0,[],0.33724537973667285,0.6744907594376883,False,False
958,37,4616,12,False,0.0,0.0,[],0.33724537973667285,0.6744907594376883,False,False
959,83,20762,13,False,0.0,0.0,[],2.553429303720523,1.5417193708471544,False,True
960,18,960,0,False,0.0,0.0,[],-0.5781349366914391,-0.2308657968670114,False,False
961,34,1442,1,False,0.0,0.0,[],0.19271164556381307,0.003620346957382785,False,False
962,34,1376,9,False,0.0,0.0,[],0.19271164556381307,-0.0233853425904679,False,False
963,34,2168,2,False,0.0,0.0,[],0.19271164556381307,0.23870455395882068,False,False
964,18,964,0,False,0.0,0.0,[],-0.5781349366914391,-0.22846980432758504,False,False
965,18,1448,1,False,0.0,0.0,[],-0.5781349366914391,0.006013854020233704,False,False
966,18,1088,3,False,0.0,0.0,[],-0.5781349366914391,-0.1587380148393482,False,False
967,91,4616,66,False,0.0,0.0,[],2.938852594848149,0.6744907594376883,False,True
968,64,4616,39,False,0.0,0.0,[],1.6380489872924109,0.6744907594376883,False,False
969,34,2456,5,False,0.0,0.0,[],0.19271164556381307,0.310621299822097,False,False
970,64,4616,39,False,0.0,0.0,[],1.6380489872924109,0.6744907594376883,False,False
971,26,2186,2,False,0.0,0.0,[],-0.19271164556381307,0.24347180732876356,False,False
972,64,4616,39,False,0.0,0.0,[],1.6380489872924109,0.6744907594376883,False,False
973,64,4616,39,False,0.0,0.0,[],1.6380489872924109,0.6744907594376883,False,False
974,91,4616,66,False,0.0,0.0,[],2.938852594848149,0.6744907594376883,False,True
975,91,4940,4,False,0.0,0.0,[],2.938852594848149,0.7136131643747944,False,True
976,18,976,0,False,0.0,0.0,[],-0.5781349366914391,-0.2213409674624391,False,False
977,64,4616,39,False,0.0,0.0,[],1.6380489872924109,0.6744907594376883,False,False
978,34,2096,10,False,0.0,0.0,[],0.19271164556381307,0.21923150230670568,False,False
979,34,2204,2,False,0.0,0.0,[],0.19271164556381307,0.24819998441203725,False,False
980,18,980,0,False,0.0,0.0,[],-0.5781349366914391,-0.2189841332357591,False,False
981,18,1472,1,False,0.0,0.0,[],-0.5781349366914391,0.015489785791778638,False,False
982,91,4616,66,False,0.0,0.0,[],2.938852594848149,0.6744907594376883,False,True
983,91,4616,66,False,0.0,0.0,[],2.938852594848149,0.6744907594376883,False,True
984,34,984,0,False,0.0,0.0,[],0.19271164556381307,-0.21663688940885242,False,False
985,18,1664,4,False,0.0,0.0,[],-0.5781349366914391,0.08616583259153225,False,False
986,34,986,0,False,0.0,0.0,[],0.19271164556381307,-0.21546683956647295,False,False
987,26,3752,6,False,0.0,0.0,[],-0.19271164556381307,0.5549766626337569,False,True
988,34,988,0,False,0.0,0.0,[],0.19271164556381307,-0.2142991582476609,False,False
989,34,1484,1,False,0.0,0.0,[],0.19271164556381307,0.020170009231786502,False,False
990,64,7154,13,False,0.0,0.0,[],1.6380489872924109,0.9271824419917035,False,True
991,64,7532,5,False,0.0,0.0,[],1.6380489872924109,0.9568790037847179,False,True
992,72,4616,47,False,0.0,0.0,[],2.023472278420037,0.6744907594376883,False,False
993,61,4040,17,False,0.0,0.0,[],1.4935152531195512,0.5976258730870314,False,True
994,18,994,0,False,0.0,0.0,[],-0.5781349366914391,-0.21081023002355356,False,False
995,18,2240,2,False,0.0,0.0,[],-0.5781349366914391,0.25754163593516904,False,False
996,34,996,0,False,0.0,0.0,[],0.19271164556381307,-0.20965192767748628,False,False
997,34,1496,1,False,0.0,0.0,[],0.19271164556381307,0.02481256446919804,False,False
998,34,1124,3,False,0.0,0.0,[],0.19271164556381307,-0.13997751989461432,False,False
999,34,5696,7,False,0.0,0.0,[],0.19271164556381307,0.7957382167727535,False,True
1000,72,4616,47,False,0.0,0.0,[],2.023472278420037,0.6744907594376883,False,False
